[{"nodes": 4, "max_edge_weight": 9, "avg_edge_weight": 3.0, "distance_matrix": [[0, 9, 2, 1], [9, 0, 8, 5], [2, 8, 0, 3], [1, 5, 3, 0]], "interaction_matrix": [[0, 2, 4, 7], [2, 0, 3, 3], [4, 3, 0, 1], [7, 3, 1, 0]], "qp_weight": 1000000, "time_model_formulation": 0.0009207725524902344, "gurobi_objective": 144.0, "gurobi_execution_time": 0.01624, "fixstars_objective": 144.0, "fixstars_execution_time": 0.945409, "dwave_objective": 144.0, "dwave_execution_time": 0.190519}, {"nodes": 4, "max_edge_weight": 9, "avg_edge_weight": 4.5, "distance_matrix": [[0, 4, 9, 7], [4, 0, 3, 9], [9, 3, 0, 4], [7, 9, 4, 0]], "interaction_matrix": [[0, 4, 9, 8], [4, 0, 2, 9], [9, 2, 0, 4], [8, 9, 4, 0]], "qp_weight": 1000000, "time_model_formulation": 0.0005192756652832031, "gurobi_objective": 364.0, "gurobi_execution_time": 0.007966, "fixstars_objective": 364.0, "fixstars_execution_time": 0.985476, "dwave_objective": 364.0, "dwave_execution_time": 0.190519}, {"nodes": 4, "max_edge_weight": 9, "avg_edge_weight": 3.25, "distance_matrix": [[0, 3, 7, 7], [3, 0, 4, 5], [7, 4, 0, 2], [7, 5, 2, 0]], "interaction_matrix": [[0, 5, 6, 2], [5, 0, 1, 5], [6, 1, 0, 5], [2, 5, 5, 0]], "qp_weight": 1000000, "time_model_formulation": 0.0007102489471435547, "gurobi_objective": 198.0, "gurobi_execution_time": 0.010083, "fixstars_objective": 198.0, "fixstars_execution_time": 0.991398, "dwave_objective": 198.0, "dwave_execution_time": 0.190519}, {"nodes": 4, "max_edge_weight": 99, "avg_edge_weight": 44.5, "distance_matrix": [[0, 77, 65, 92], [77, 0, 65, 26], [65, 65, 0, 9], [92, 26, 9, 0]], "interaction_matrix": [[0, 56, 32, 87], [56, 0, 97, 45], [32, 97, 0, 61], [87, 45, 61, 0]], "qp_weight": 1000000, "time_model_formulation": 0.0005869865417480469, "gurobi_objective": 37334.0, "gurobi_execution_time": 0.008892, "fixstars_objective": 37334.0, "fixstars_execution_time": 0.995151, "dwave_objective": 37334.0, "dwave_execution_time": 0.19052}, {"nodes": 4, "max_edge_weight": 99, "avg_edge_weight": 35.5, "distance_matrix": [[0, 21, 54, 68], [21, 0, 15, 9], [54, 15, 0, 35], [68, 9, 35, 0]], "interaction_matrix": [[0, 96, 72, 36], [96, 0, 87, 17], [72, 87, 0, 58], [36, 17, 58, 0]], "qp_weight": 1000000, "time_model_formulation": 0.0005412101745605469, "gurobi_objective": 19082.0, "gurobi_execution_time": 0.007395, "fixstars_objective": 19082.0, "fixstars_execution_time": 0.948808, "dwave_objective": 19082.0, "dwave_execution_time": 0.190519}, {"nodes": 4, "max_edge_weight": 99, "avg_edge_weight": 42.375, "distance_matrix": [[0, 28, 86, 44], [28, 0, 97, 21], [86, 97, 0, 58], [44, 21, 58, 0]], "interaction_matrix": [[0, 82, 36, 72], [82, 0, 94, 58], [36, 94, 0, 2], [72, 58, 2, 0]], "qp_weight": 1000000, "time_model_formulation": 0.0016360282897949219, "gurobi_objective": 30812.0, "gurobi_execution_time": 0.011236, "fixstars_objective": 30812.0, "fixstars_execution_time": 0.995109, "dwave_objective": 30812.0, "dwave_execution_time": 0.190519}, {"nodes": 4, "max_edge_weight": 99999, "avg_edge_weight": 32159.625, "distance_matrix": [[0, 32246, 51569, 66290], [32246, 0, 54959, 47821], [51569, 54959, 0, 79718], [66290, 47821, 79718, 0]], "interaction_matrix": [[0, 4254, 32917, 23360], [4254, 0, 29734, 7190], [32917, 29734, 0, 84496], [23360, 7190, 84496, 0]], "qp_weight": 16465728, "time_model_formulation": 0.0005021095275878906, "gurobi_objective": 15952100690.0, "gurobi_execution_time": 0.006773, "fixstars_objective": null, "fixstars_execution_time": null, "dwave_objective": null, "dwave_execution_time": null}, {"nodes": 4, "max_edge_weight": 99999, "avg_edge_weight": 49797.125, "distance_matrix": [[0, 96263, 94842, 95208], [96263, 0, 10917, 63270], [94842, 10917, 0, 56798], [95208, 63270, 56798, 0]], "interaction_matrix": [[0, 22444, 41410, 37858], [22444, 0, 97863, 81165], [41410, 97863, 0, 98716], [37858, 81165, 98716, 0]], "qp_weight": 25496128, "time_model_formulation": 0.0004611015319824219, "gurobi_objective": 42959990044.0, "gurobi_execution_time": 0.007792, "fixstars_objective": null, "fixstars_execution_time": null, "dwave_objective": null, "dwave_execution_time": null}, {"nodes": 4, "max_edge_weight": 99999, "avg_edge_weight": 41239.3125, "distance_matrix": [[0, 77852, 34510, 58784], [77852, 0, 35349, 73777], [34510, 35349, 0, 84421], [58784, 73777, 84421, 0]], "interaction_matrix": [[0, 35111, 78432, 8217], [35111, 0, 17947, 87397], [78432, 17947, 0, 68032], [8217, 87397, 68032, 0]], "qp_weight": 21114528, "time_model_formulation": 0.0004968643188476562, "gurobi_objective": 29458018018.0, "gurobi_execution_time": 0.009526, "fixstars_objective": null, "fixstars_execution_time": null, "dwave_objective": null, "dwave_execution_time": null}, {"nodes": 5, "max_edge_weight": 9, "avg_edge_weight": 3.8, "distance_matrix": [[0, 3, 8, 1, 2], [3, 0, 1, 9, 5], [8, 1, 0, 9, 2], [1, 9, 9, 0, 7], [2, 5, 2, 7, 0]], "interaction_matrix": [[0, 7, 5, 9, 2], [7, 0, 8, 3, 5], [5, 8, 0, 3, 2], [9, 3, 3, 0, 4], [2, 5, 2, 4, 0]], "qp_weight": 1000000, "time_model_formulation": 0.0013270378112792969, "gurobi_objective": 346.0, "gurobi_execution_time": 0.041723, "fixstars_objective": 346.0, "fixstars_execution_time": 0.95954, "dwave_objective": 346.0, "dwave_execution_time": 0.2201}, {"nodes": 5, "max_edge_weight": 9, "avg_edge_weight": 3.88, "distance_matrix": [[0, 1, 4, 3, 7], [1, 0, 8, 5, 5], [4, 8, 0, 7, 3], [3, 5, 7, 0, 7], [7, 5, 3, 7, 0]], "interaction_matrix": [[0, 3, 7, 5, 4], [3, 0, 5, 1, 7], [7, 5, 0, 5, 4], [5, 1, 5, 0, 6], [4, 7, 4, 6, 0]], "qp_weight": 1000000, "time_model_formulation": 0.001007080078125, "gurobi_objective": 414.0, "gurobi_execution_time": 0.050998, "fixstars_objective": 414.0, "fixstars_execution_time": 0.911347, "dwave_objective": 422.0, "dwave_execution_time": 0.22124}, {"nodes": 5, "max_edge_weight": 9, "avg_edge_weight": 3.88, "distance_matrix": [[0, 3, 5, 4, 3], [3, 0, 4, 1, 9], [5, 4, 0, 2, 2], [4, 1, 2, 0, 3], [3, 9, 2, 3, 0]], "interaction_matrix": [[0, 2, 4, 8, 4], [2, 0, 4, 6, 8], [4, 4, 0, 9, 9], [8, 6, 9, 0, 7], [4, 8, 9, 7, 0]], "qp_weight": 1000000, "time_model_formulation": 0.0010571479797363281, "gurobi_objective": 382.0, "gurobi_execution_time": 0.027206, "fixstars_objective": 382.0, "fixstars_execution_time": 0.964255, "dwave_objective": 382.0, "dwave_execution_time": 0.22124}, {"nodes": 5, "max_edge_weight": 99, "avg_edge_weight": 45.72, "distance_matrix": [[0, 95, 87, 49, 88], [95, 0, 24, 65, 59], [87, 24, 0, 93, 41], [49, 65, 93, 0, 64], [88, 59, 41, 64, 0]], "interaction_matrix": [[0, 18, 15, 24, 68], [18, 0, 66, 30, 98], [15, 66, 0, 52, 89], [24, 30, 52, 0, 18], [68, 98, 89, 18, 0]], "qp_weight": 1000000, "time_model_formulation": 0.001055002212524414, "gurobi_objective": 53938.0, "gurobi_execution_time": 0.039665, "fixstars_objective": 53938.0, "fixstars_execution_time": 0.962903, "dwave_objective": 53938.0, "dwave_execution_time": 0.22124}, {"nodes": 5, "max_edge_weight": 99, "avg_edge_weight": 40.0, "distance_matrix": [[0, 48, 75, 40, 26], [48, 0, 35, 77, 82], [75, 35, 0, 46, 40], [40, 77, 46, 0, 5], [26, 82, 40, 5, 0]], "interaction_matrix": [[0, 20, 12, 97, 27], [20, 0, 93, 44, 44], [12, 93, 0, 73, 90], [97, 44, 73, 0, 26], [27, 44, 90, 26, 0]], "qp_weight": 1000000, "time_model_formulation": 0.0011048316955566406, "gurobi_objective": 37348.0, "gurobi_execution_time": 0.044466, "fixstars_objective": 37348.0, "fixstars_execution_time": 0.962344, "dwave_objective": 37348.0, "dwave_execution_time": 0.2201}, {"nodes": 5, "max_edge_weight": 99, "avg_edge_weight": 38.12, "distance_matrix": [[0, 17, 92, 48, 17], [17, 0, 93, 27, 35], [92, 93, 0, 33, 14], [48, 27, 33, 0, 25], [17, 35, 14, 25, 0]], "interaction_matrix": [[0, 96, 24, 30, 84], [96, 0, 67, 70, 82], [24, 67, 0, 8, 67], [30, 70, 8, 0, 24], [84, 82, 67, 24, 0]], "qp_weight": 1000000, "time_model_formulation": 0.0009369850158691406, "gurobi_objective": 31812.0, "gurobi_execution_time": 0.017528, "fixstars_objective": 31812.0, "fixstars_execution_time": 0.977949, "dwave_objective": 31812.0, "dwave_execution_time": 0.22124}, {"nodes": 5, "max_edge_weight": 99999, "avg_edge_weight": 39067.28, "distance_matrix": [[0, 43664, 10130, 81528, 86788], [43664, 0, 87294, 16188, 81344], [10130, 87294, 0, 82352, 13378], [81528, 16188, 82352, 0, 65644], [86788, 81344, 13378, 65644, 0]], "interaction_matrix": [[0, 8769, 23985, 1711, 64131], [8769, 0, 53449, 20256, 89985], [23985, 53449, 0, 12450, 58114], [1711, 20256, 12450, 0, 75522], [64131, 89985, 58114, 75522, 0]], "qp_weight": 48834100, "time_model_formulation": 0.0009021759033203125, "gurobi_objective": 37192427508.0, "gurobi_execution_time": 0.04116, "fixstars_objective": null, "fixstars_execution_time": null, "dwave_objective": null, "dwave_execution_time": null}, {"nodes": 5, "max_edge_weight": 99999, "avg_edge_weight": 38454.84, "distance_matrix": [[0, 94348, 60923, 28654, 13408], [94348, 0, 21379, 49528, 73463], [60923, 21379, 0, 30419, 10221], [28654, 49528, 30419, 0, 28554], [13408, 73463, 10221, 28554, 0]], "interaction_matrix": [[0, 7692, 26094, 86640, 99174], [7692, 0, 19517, 48354, 88471], [26094, 19517, 0, 51609, 68065], [86640, 48354, 51609, 0, 54858], [99174, 88471, 68065, 54858, 0]], "qp_weight": 48068550, "time_model_formulation": 0.0010037422180175781, "gurobi_objective": 35594084356.0, "gurobi_execution_time": 0.040645, "fixstars_objective": null, "fixstars_execution_time": null, "dwave_objective": null, "dwave_execution_time": null}, {"nodes": 5, "max_edge_weight": 99999, "avg_edge_weight": 48880.84, "distance_matrix": [[0, 84359, 97351, 55464, 43416], [84359, 0, 37799, 84684, 75931], [97351, 37799, 0, 54666, 53839], [55464, 84684, 54666, 0, 20571], [43416, 75931, 53839, 20571, 0]], "interaction_matrix": [[0, 96814, 44293, 57420, 61224], [96814, 0, 63981, 94207, 90887], [44293, 63981, 0, 51036, 17757], [57420, 94207, 51036, 0, 36322], [61224, 90887, 17757, 36322, 0]], "qp_weight": 61101050, "time_model_formulation": 0.001119852066040039, "gurobi_objective": 66232552774.0, "gurobi_execution_time": 0.04531, "fixstars_objective": null, "fixstars_execution_time": null, "dwave_objective": null, "dwave_execution_time": null}, {"nodes": 6, "max_edge_weight": 9, "avg_edge_weight": 4.555555555555555, "distance_matrix": [[0, 4, 5, 3, 2, 1], [4, 0, 9, 7, 7, 9], [5, 9, 0, 1, 9, 4], [3, 7, 1, 0, 9, 9], [2, 7, 9, 9, 0, 1], [1, 9, 4, 9, 1, 0]], "interaction_matrix": [[0, 9, 8, 6, 8, 3], [9, 0, 2, 2, 8, 6], [8, 2, 0, 6, 4, 4], [6, 2, 6, 0, 8, 8], [8, 8, 4, 8, 0, 2], [3, 6, 4, 8, 2, 0]], "qp_weight": 1000000, "time_model_formulation": 0.00238800048828125, "gurobi_objective": 724.0, "gurobi_execution_time": 0.081624, "fixstars_objective": 724.0, "fixstars_execution_time": 0.961405, "dwave_objective": 812.0, "dwave_execution_time": 0.227781}, {"nodes": 6, "max_edge_weight": 9, "avg_edge_weight": 4.111111111111111, "distance_matrix": [[0, 7, 5, 2, 2, 7], [7, 0, 9, 3, 6, 2], [5, 9, 0, 4, 5, 6], [2, 3, 4, 0, 6, 9], [2, 6, 5, 6, 0, 5], [7, 2, 6, 9, 5, 0]], "interaction_matrix": [[0, 6, 8, 9, 5, 1], [6, 0, 3, 8, 2, 1], [8, 3, 0, 4, 4, 1], [9, 8, 4, 0, 4, 5], [5, 2, 4, 4, 0, 9], [1, 1, 1, 5, 9, 0]], "qp_weight": 1000000, "time_model_formulation": 0.0018877983093261719, "gurobi_objective": 586.0, "gurobi_execution_time": 0.091444, "fixstars_objective": 586.0, "fixstars_execution_time": 0.963287, "dwave_objective": 700.0, "dwave_execution_time": 0.232521}, {"nodes": 6, "max_edge_weight": 9, "avg_edge_weight": 4.583333333333334, "distance_matrix": [[0, 4, 9, 4, 4, 1], [4, 0, 3, 8, 3, 5], [9, 3, 0, 9, 1, 5], [4, 8, 9, 0, 4, 7], [4, 3, 1, 4, 0, 8], [1, 5, 5, 7, 8, 0]], "interaction_matrix": [[0, 7, 8, 9, 1, 7], [7, 0, 9, 9, 9, 8], [8, 9, 0, 2, 1, 6], [9, 9, 2, 0, 4, 9], [1, 9, 1, 4, 0, 1], [7, 8, 6, 9, 1, 0]], "qp_weight": 1000000, "time_model_formulation": 0.0018270015716552734, "gurobi_objective": 714.0, "gurobi_execution_time": 0.081077, "fixstars_objective": 714.0, "fixstars_execution_time": 0.959283, "dwave_objective": 802.0, "dwave_execution_time": 0.227781}, {"nodes": 6, "max_edge_weight": 99, "avg_edge_weight": 36.58333333333333, "distance_matrix": [[0, 99, 50, 94, 37, 44], [99, 0, 9, 20, 65, 2], [50, 9, 0, 58, 38, 31], [94, 20, 58, 0, 12, 72], [37, 65, 38, 12, 0, 4], [44, 2, 31, 72, 4, 0]], "interaction_matrix": [[0, 86, 57, 20, 4, 65], [86, 0, 15, 98, 32, 24], [57, 15, 0, 60, 60, 9], [20, 98, 60, 0, 86, 46], [4, 32, 60, 86, 0, 20], [65, 24, 9, 46, 20, 0]], "qp_weight": 1000000, "time_model_formulation": 0.0017809867858886719, "gurobi_objective": 38180.0, "gurobi_execution_time": 0.06709, "fixstars_objective": 38180.0, "fixstars_execution_time": 0.970109, "dwave_objective": 48458.0, "dwave_execution_time": 0.227781}, {"nodes": 6, "max_edge_weight": 99, "avg_edge_weight": 33.75, "distance_matrix": [[0, 65, 77, 54, 73, 92], [65, 0, 20, 33, 37, 23], [77, 20, 0, 41, 4, 45], [54, 33, 41, 0, 15, 20], [73, 37, 4, 15, 0, 34], [92, 23, 45, 20, 34, 0]], "interaction_matrix": [[0, 61, 8, 22, 1, 52], [61, 0, 26, 73, 67, 18], [8, 26, 0, 9, 5, 85], [22, 73, 9, 0, 14, 93], [1, 67, 5, 14, 0, 48], [52, 18, 85, 93, 48, 0]], "qp_weight": 1000000, "time_model_formulation": 0.0017900466918945312, "gurobi_objective": 36682.0, "gurobi_execution_time": 0.083868, "fixstars_objective": 36682.0, "fixstars_execution_time": 0.958875, "dwave_objective": 38934.0, "dwave_execution_time": 0.232521}, {"nodes": 6, "max_edge_weight": 99, "avg_edge_weight": 46.30555555555556, "distance_matrix": [[0, 10, 82, 93, 30, 74], [10, 0, 63, 43, 78, 17], [82, 63, 0, 42, 94, 64], [93, 43, 42, 0, 35, 95], [30, 78, 94, 35, 0, 86], [74, 17, 64, 95, 86, 0]], "interaction_matrix": [[0, 12, 59, 92, 88, 52], [12, 0, 16, 30, 9, 23], [59, 16, 0, 74, 49, 38], [92, 30, 74, 0, 89, 39], [88, 9, 49, 89, 0, 91], [52, 23, 38, 39, 91, 0]], "qp_weight": 1000000, "time_model_formulation": 0.0016849040985107422, "gurobi_objective": 78716.0, "gurobi_execution_time": 0.098881, "fixstars_objective": 78716.0, "fixstars_execution_time": 0.985051, "dwave_objective": 86760.0, "dwave_execution_time": 0.22778}, {"nodes": 6, "max_edge_weight": 99999, "avg_edge_weight": 37781.805555555555, "distance_matrix": [[0, 39108, 69095, 24702, 47086, 51251], [39108, 0, 94656, 89821, 41948, 5033], [69095, 94656, 0, 5373, 68715, 12594], [24702, 89821, 5373, 0, 23504, 28951], [47086, 41948, 68715, 23504, 0, 82317], [51251, 5033, 12594, 28951, 82317, 0]], "interaction_matrix": [[0, 48199, 30244, 66698, 60220, 7098], [48199, 0, 58681, 69227, 4156, 72082], [30244, 58681, 0, 64415, 17015, 37239], [66698, 69227, 64415, 0, 48831, 25075], [60220, 4156, 17015, 48831, 0, 66811], [7098, 72082, 37239, 25075, 66811, 0]], "qp_weight": 97930440, "time_model_formulation": 0.0018570423126220703, "gurobi_objective": 45736212950.0, "gurobi_execution_time": 0.093445, "fixstars_objective": null, "fixstars_execution_time": null, "dwave_objective": null, "dwave_execution_time": null}, {"nodes": 6, "max_edge_weight": 99999, "avg_edge_weight": 41519.25, "distance_matrix": [[0, 30069, 44431, 65474, 69984, 1126], [30069, 0, 87426, 50635, 16379, 40346], [44431, 87426, 0, 76856, 626, 18313], [65474, 50635, 76856, 0, 81215, 79961], [69984, 16379, 626, 81215, 0, 3153], [1126, 40346, 18313, 79961, 3153, 0]], "interaction_matrix": [[0, 61258, 36544, 91186, 89150, 28950], [61258, 0, 99707, 34485, 44541, 22812], [36544, 99707, 0, 69584, 74916, 96932], [91186, 34485, 69584, 0, 6346, 15510], [89150, 44541, 74916, 6346, 0, 56778], [28950, 22812, 96932, 15510, 56778, 0]], "qp_weight": 107617896, "time_model_formulation": 0.0017199516296386719, "gurobi_objective": 54593318746.0, "gurobi_execution_time": 0.083574, "fixstars_objective": null, "fixstars_execution_time": null, "dwave_objective": null, "dwave_execution_time": null}, {"nodes": 6, "max_edge_weight": 99999, "avg_edge_weight": 35521.166666666664, "distance_matrix": [[0, 90353, 50744, 25527, 8932, 71567], [90353, 0, 68267, 33183, 92937, 17558], [50744, 68267, 0, 42, 61268, 98718], [25527, 33183, 42, 0, 41514, 71944], [8932, 92937, 61268, 41514, 0, 61663], [71567, 17558, 98718, 71944, 61663, 0]], "interaction_matrix": [[0, 10015, 66639, 11032, 71237, 6675], [10015, 0, 6222, 6547, 25835, 6967], [66639, 6222, 0, 25142, 62096, 16895], [11032, 6547, 25142, 0, 11951, 73969], [71237, 25835, 62096, 11951, 0, 83323], [6675, 6967, 16895, 73969, 83323, 0]], "qp_weight": 92070864, "time_model_formulation": 0.001734018325805664, "gurobi_objective": 32881102374.0, "gurobi_execution_time": 0.070661, "fixstars_objective": null, "fixstars_execution_time": null, "dwave_objective": null, "dwave_execution_time": null}, {"nodes": 7, "max_edge_weight": 9, "avg_edge_weight": 4.36734693877551, "distance_matrix": [[0, 7, 3, 4, 2, 9, 2], [7, 0, 2, 7, 5, 1, 4], [3, 2, 0, 6, 6, 1, 8], [4, 7, 6, 0, 5, 5, 8], [2, 5, 6, 5, 0, 7, 9], [9, 1, 1, 5, 7, 0, 7], [2, 4, 8, 8, 9, 7, 0]], "interaction_matrix": [[0, 3, 6, 6, 7, 8, 2], [3, 0, 6, 4, 3, 5, 7], [6, 6, 0, 6, 2, 5, 7], [6, 4, 6, 0, 6, 6, 1], [7, 3, 2, 6, 0, 4, 7], [8, 5, 5, 6, 4, 0, 5], [2, 7, 7, 1, 7, 5, 0]], "qp_weight": 1000000, "time_model_formulation": 0.0034799575805664062, "gurobi_objective": 938.0, "gurobi_execution_time": 0.283732, "fixstars_objective": 938.0, "fixstars_execution_time": 0.931431, "dwave_objective": 986.0, "dwave_execution_time": 0.151802}, {"nodes": 7, "max_edge_weight": 9, "avg_edge_weight": 4.551020408163265, "distance_matrix": [[0, 7, 6, 6, 3, 1, 9], [7, 0, 9, 9, 6, 9, 5], [6, 9, 0, 6, 8, 3, 3], [6, 9, 6, 0, 7, 4, 5], [3, 6, 8, 7, 0, 3, 3], [1, 9, 3, 4, 3, 0, 4], [9, 5, 3, 5, 3, 4, 0]], "interaction_matrix": [[0, 9, 2, 4, 5, 7, 5], [9, 0, 6, 5, 5, 6, 8], [2, 6, 0, 9, 1, 5, 3], [4, 5, 9, 0, 7, 4, 1], [5, 5, 1, 7, 0, 4, 9], [7, 6, 5, 4, 4, 0, 2], [5, 8, 3, 1, 9, 2, 0]], "qp_weight": 1000000, "time_model_formulation": 0.0033228397369384766, "gurobi_objective": 1040.0, "gurobi_execution_time": 0.317277, "fixstars_objective": 1040.0, "fixstars_execution_time": 0.916729, "dwave_objective": 1148.0, "dwave_execution_time": 0.151802}, {"nodes": 7, "max_edge_weight": 9, "avg_edge_weight": 4.346938775510204, "distance_matrix": [[0, 3, 7, 3, 8, 4, 5], [3, 0, 5, 4, 6, 2, 9], [7, 5, 0, 4, 4, 3, 8], [3, 4, 4, 0, 2, 5, 2], [8, 6, 4, 2, 0, 8, 9], [4, 2, 3, 5, 8, 0, 8], [5, 9, 8, 2, 9, 8, 0]], "interaction_matrix": [[0, 8, 4, 9, 5, 4, 2], [8, 0, 6, 3, 1, 5, 6], [4, 6, 0, 4, 2, 9, 3], [9, 3, 4, 0, 7, 6, 8], [5, 1, 2, 7, 0, 1, 6], [4, 5, 9, 6, 1, 0, 5], [2, 6, 3, 8, 6, 5, 0]], "qp_weight": 1000000, "time_model_formulation": 0.0031909942626953125, "gurobi_objective": 906.0, "gurobi_execution_time": 0.29447, "fixstars_objective": 906.0, "fixstars_execution_time": 0.929752, "dwave_objective": null, "dwave_execution_time": null}, {"nodes": 7, "max_edge_weight": 99, "avg_edge_weight": 41.89795918367347, "distance_matrix": [[0, 42, 40, 23, 77, 88, 41], [42, 0, 6, 90, 80, 90, 31], [40, 6, 0, 61, 90, 88, 61], [23, 90, 61, 0, 6, 44, 84], [77, 80, 90, 6, 0, 45, 49], [88, 90, 88, 44, 45, 0, 16], [41, 31, 61, 84, 49, 16, 0]], "interaction_matrix": [[0, 11, 6, 4, 30, 96, 17], [11, 0, 40, 13, 65, 40, 60], [6, 40, 0, 73, 9, 81, 88], [4, 13, 73, 0, 31, 76, 75], [30, 65, 9, 31, 0, 21, 61], [96, 40, 81, 76, 21, 0, 4], [17, 60, 88, 75, 61, 4, 0]], "qp_weight": 1000000, "time_model_formulation": 0.003309011459350586, "gurobi_objective": 72832.0, "gurobi_execution_time": 0.249402, "fixstars_objective": 72832.0, "fixstars_execution_time": 0.920087, "dwave_objective": 98446.0, "dwave_execution_time": 0.152242}, {"nodes": 7, "max_edge_weight": 99, "avg_edge_weight": 48.40816326530612, "distance_matrix": [[0, 66, 81, 64, 43, 19, 91], [66, 0, 77, 52, 24, 99, 39], [81, 77, 0, 18, 31, 55, 74], [64, 52, 18, 0, 47, 80, 73], [43, 24, 31, 47, 0, 96, 63], [19, 99, 55, 80, 96, 0, 43], [91, 39, 74, 73, 63, 43, 0]], "interaction_matrix": [[0, 75, 21, 24, 43, 98, 6], [75, 0, 78, 24, 62, 58, 75], [21, 78, 0, 83, 54, 82, 90], [24, 24, 83, 0, 66, 59, 27], [43, 62, 54, 66, 0, 28, 35], [98, 58, 82, 59, 28, 0, 49], [6, 75, 90, 27, 35, 49, 0]], "qp_weight": 1000000, "time_model_formulation": 0.0032722949981689453, "gurobi_objective": 113742.0, "gurobi_execution_time": 0.31251, "fixstars_objective": 113742.0, "fixstars_execution_time": 0.921445, "dwave_objective": 133520.0, "dwave_execution_time": 0.151801}, {"nodes": 7, "max_edge_weight": 99, "avg_edge_weight": 48.326530612244895, "distance_matrix": [[0, 85, 85, 6, 26, 40, 17], [85, 0, 81, 76, 85, 54, 98], [85, 81, 0, 14, 93, 51, 73], [6, 76, 14, 0, 72, 94, 11], [26, 85, 93, 72, 0, 56, 72], [40, 54, 51, 94, 56, 0, 22], [17, 98, 73, 11, 72, 22, 0]], "interaction_matrix": [[0, 29, 71, 9, 26, 81, 5], [29, 0, 38, 57, 23, 95, 44], [71, 38, 0, 91, 8, 96, 99], [9, 57, 91, 0, 34, 17, 98], [26, 23, 8, 34, 0, 74, 82], [81, 95, 96, 17, 74, 0, 80], [5, 44, 99, 98, 82, 80, 0]], "qp_weight": 1000000, "time_model_formulation": 0.003337860107421875, "gurobi_objective": 101556.0, "gurobi_execution_time": 0.23108, "fixstars_objective": 101556.0, "fixstars_execution_time": 0.987709, "dwave_objective": 135822.0, "dwave_execution_time": 0.151801}, {"nodes": 7, "max_edge_weight": 99999, "avg_edge_weight": 38440.59183673469, "distance_matrix": [[0, 37009, 77071, 95208, 75656, 732, 107], [37009, 0, 87715, 51011, 39386, 97967, 46216], [77071, 87715, 0, 40305, 89578, 9301, 6333], [95208, 51011, 40305, 0, 43066, 6850, 87051], [75656, 39386, 89578, 43066, 0, 21869, 52354], [732, 97967, 9301, 6850, 21869, 0, 34231], [107, 46216, 6333, 87051, 52354, 34231, 0]], "interaction_matrix": [[0, 22103, 6707, 29105, 50126, 19490, 52787], [22103, 0, 21994, 83074, 16825, 33453, 76130], [6707, 21994, 0, 90703, 26921, 25628, 23202], [29105, 83074, 90703, 0, 61202, 84560, 34554], [50126, 16825, 26921, 61202, 0, 52924, 1239], [19490, 33453, 25628, 84560, 52924, 0, 71846], [52787, 76130, 23202, 34554, 1239, 71846, 0]], "qp_weight": 184591722, "time_model_formulation": 0.003384113311767578, "gurobi_objective": 56581204286.0, "gurobi_execution_time": 0.217867, "fixstars_objective": null, "fixstars_execution_time": null, "dwave_objective": null, "dwave_execution_time": null}, {"nodes": 7, "max_edge_weight": 99999, "avg_edge_weight": 41368.5306122449, "distance_matrix": [[0, 39754, 27075, 9445, 22140, 45171, 3249], [39754, 0, 79901, 263, 31271, 32000, 77600], [27075, 79901, 0, 66425, 60431, 14623, 44989], [9445, 263, 66425, 0, 27496, 94837, 42037], [22140, 31271, 60431, 27496, 0, 23945, 97657], [45171, 32000, 14623, 94837, 23945, 0, 77136], [3249, 77600, 44989, 42037, 97657, 77136, 0]], "interaction_matrix": [[0, 7235, 18929, 27427, 62985, 53368, 92031], [7235, 0, 226, 98303, 60361, 53275, 31193], [18929, 226, 0, 24303, 66314, 64616, 62680], [27427, 98303, 24303, 0, 89490, 99641, 95659], [62985, 60361, 66314, 89490, 0, 35974, 38982], [53368, 53275, 64616, 99641, 35974, 0, 26621], [92031, 31193, 62680, 95659, 38982, 26621, 0]], "qp_weight": 198651684, "time_model_formulation": 0.003341197967529297, "gurobi_objective": 75286517462.0, "gurobi_execution_time": 0.227225, "fixstars_objective": null, "fixstars_execution_time": null, "dwave_objective": null, "dwave_execution_time": null}, {"nodes": 7, "max_edge_weight": 99999, "avg_edge_weight": 48722.65306122449, "distance_matrix": [[0, 25985, 87289, 11898, 74813, 80309, 97051], [25985, 0, 61239, 57822, 75654, 30090, 57559], [87289, 61239, 0, 54377, 27874, 96462, 62401], [11898, 57822, 54377, 0, 33097, 28536, 99670], [74813, 75654, 27874, 33097, 0, 65119, 56520], [80309, 30090, 96462, 28536, 65119, 0, 42147], [97051, 57559, 62401, 99670, 56520, 42147, 0]], "interaction_matrix": [[0, 40887, 45999, 73761, 37096, 59837, 35520], [40887, 0, 91213, 4183, 36494, 26793, 99203], [45999, 91213, 0, 45156, 92400, 65798, 77216], [73761, 4183, 45156, 0, 47308, 77849, 11125], [37096, 36494, 92400, 47308, 0, 64863, 69209], [59837, 26793, 65798, 77849, 64863, 0, 59588], [35520, 99203, 77216, 11125, 69209, 59588, 0]], "qp_weight": 233966180, "time_model_formulation": 0.0032711029052734375, "gurobi_objective": 115107837786.0, "gurobi_execution_time": 0.288868, "fixstars_objective": null, "fixstars_execution_time": null, "dwave_objective": null, "dwave_execution_time": null}, {"nodes": 8, "max_edge_weight": 9, "avg_edge_weight": 4.65625, "distance_matrix": [[0, 2, 4, 5, 5, 6, 5, 6], [2, 0, 7, 6, 9, 3, 1, 8], [4, 7, 0, 5, 9, 6, 9, 1], [5, 6, 5, 0, 5, 3, 1, 8], [5, 9, 9, 5, 0, 2, 3, 9], [6, 3, 6, 3, 2, 0, 3, 9], [5, 1, 9, 1, 3, 3, 0, 4], [6, 8, 1, 8, 9, 9, 4, 0]], "interaction_matrix": [[0, 8, 4, 3, 1, 1, 6, 8], [8, 0, 7, 7, 2, 7, 9, 9], [4, 7, 0, 2, 5, 6, 6, 7], [3, 7, 2, 0, 6, 1, 9, 6], [1, 2, 5, 6, 0, 2, 7, 7], [1, 7, 6, 1, 2, 0, 6, 8], [6, 9, 6, 9, 7, 6, 0, 4], [8, 9, 7, 6, 7, 8, 4, 0]], "qp_weight": 1000000, "time_model_formulation": 0.005812883377075195, "gurobi_objective": 1314.0, "gurobi_execution_time": 1.027088, "fixstars_objective": 1314.0, "fixstars_execution_time": 0.89163, "dwave_objective": null, "dwave_execution_time": null}, {"nodes": 8, "max_edge_weight": 9, "avg_edge_weight": 4.609375, "distance_matrix": [[0, 2, 5, 1, 8, 7, 6, 7], [2, 0, 1, 5, 6, 5, 3, 7], [5, 1, 0, 8, 4, 7, 4, 2], [1, 5, 8, 0, 7, 3, 2, 8], [8, 6, 4, 7, 0, 4, 4, 5], [7, 5, 7, 3, 4, 0, 7, 3], [6, 3, 4, 2, 4, 7, 0, 1], [7, 7, 2, 8, 5, 3, 1, 0]], "interaction_matrix": [[0, 9, 6, 1, 5, 8, 8, 4], [9, 0, 9, 7, 2, 6, 5, 8], [6, 9, 0, 4, 8, 8, 8, 8], [1, 7, 4, 0, 8, 6, 6, 8], [5, 2, 8, 8, 0, 6, 2, 3], [8, 6, 8, 6, 6, 0, 1, 8], [8, 5, 8, 6, 2, 1, 0, 1], [4, 8, 8, 8, 3, 8, 1, 0]], "qp_weight": 1000000, "time_model_formulation": 0.006061077117919922, "gurobi_objective": 1306.0, "gurobi_execution_time": 1.176522, "fixstars_objective": 1306.0, "fixstars_execution_time": 0.879064, "dwave_objective": null, "dwave_execution_time": null}, {"nodes": 8, "max_edge_weight": 9, "avg_edge_weight": 4.5, "distance_matrix": [[0, 9, 8, 8, 5, 6, 3, 9], [9, 0, 4, 4, 3, 8, 2, 7], [8, 4, 0, 3, 9, 9, 2, 7], [8, 4, 3, 0, 6, 7, 1, 1], [5, 3, 9, 6, 0, 3, 5, 8], [6, 8, 9, 7, 3, 0, 8, 6], [3, 2, 2, 1, 5, 8, 0, 9], [9, 7, 7, 1, 8, 6, 9, 0]], "interaction_matrix": [[0, 4, 3, 3, 6, 5, 4, 3], [4, 0, 5, 2, 7, 2, 9, 1], [3, 5, 0, 9, 1, 2, 2, 2], [3, 2, 9, 0, 2, 3, 9, 9], [6, 7, 1, 2, 0, 8, 7, 7], [5, 2, 2, 3, 8, 0, 3, 7], [4, 9, 2, 9, 7, 3, 0, 3], [3, 1, 2, 9, 7, 7, 3, 0]], "qp_weight": 1000000, "time_model_formulation": 0.0058858394622802734, "gurobi_objective": 1188.0, "gurobi_execution_time": 1.120518, "fixstars_objective": 1188.0, "fixstars_execution_time": 0.878519, "dwave_objective": null, "dwave_execution_time": null}, {"nodes": 8, "max_edge_weight": 99, "avg_edge_weight": 41.890625, "distance_matrix": [[0, 29, 51, 96, 27, 42, 53, 40], [29, 0, 34, 64, 18, 79, 30, 57], [51, 34, 0, 25, 82, 42, 75, 34], [96, 64, 25, 0, 4, 19, 33, 73], [27, 18, 82, 4, 0, 68, 39, 91], [42, 79, 42, 19, 68, 0, 61, 27], [53, 30, 75, 33, 39, 61, 0, 70], [40, 57, 34, 73, 91, 27, 70, 0]], "interaction_matrix": [[0, 2, 25, 50, 72, 55, 56, 44], [2, 0, 43, 20, 62, 63, 23, 33], [25, 43, 0, 68, 60, 76, 22, 84], [50, 20, 68, 0, 46, 71, 66, 98], [72, 62, 60, 46, 0, 31, 35, 13], [55, 63, 76, 71, 31, 0, 9, 35], [56, 23, 22, 66, 35, 9, 0, 56], [44, 33, 84, 98, 13, 35, 56, 0]], "qp_weight": 1000000, "time_model_formulation": 0.005753040313720703, "gurobi_objective": 106892.0, "gurobi_execution_time": 1.264953, "fixstars_objective": 106892.0, "fixstars_execution_time": 0.879249, "dwave_objective": null, "dwave_execution_time": null}, {"nodes": 8, "max_edge_weight": 99, "avg_edge_weight": 48.21875, "distance_matrix": [[0, 7, 43, 98, 65, 84, 57, 91], [7, 0, 60, 48, 51, 48, 62, 68], [43, 60, 0, 11, 23, 42, 6, 93], [98, 48, 11, 0, 64, 60, 49, 92], [65, 51, 23, 64, 0, 37, 87, 70], [84, 48, 42, 60, 37, 0, 40, 77], [57, 62, 6, 49, 87, 40, 0, 70], [91, 68, 93, 92, 70, 77, 70, 0]], "interaction_matrix": [[0, 5, 83, 29, 29, 43, 61, 76], [5, 0, 94, 8, 70, 33, 60, 74], [83, 94, 0, 18, 85, 55, 50, 37], [29, 8, 18, 0, 59, 84, 98, 70], [29, 70, 85, 59, 0, 42, 67, 28], [43, 33, 55, 84, 42, 0, 27, 95], [61, 60, 50, 98, 67, 27, 0, 3], [76, 74, 37, 70, 28, 95, 3, 0]], "qp_weight": 1000000, "time_model_formulation": 0.006089925765991211, "gurobi_objective": 147310.0, "gurobi_execution_time": 1.205863, "fixstars_objective": 147310.0, "fixstars_execution_time": 0.950553, "dwave_objective": null, "dwave_execution_time": null}, {"nodes": 8, "max_edge_weight": 99, "avg_edge_weight": 48.421875, "distance_matrix": [[0, 40, 99, 33, 92, 83, 62, 80], [40, 0, 59, 94, 59, 10, 42, 26], [99, 59, 0, 10, 73, 51, 79, 70], [33, 94, 10, 0, 56, 7, 27, 86], [92, 59, 73, 56, 0, 88, 5, 68], [83, 10, 51, 7, 88, 0, 52, 23], [62, 42, 79, 27, 5, 52, 0, 27], [80, 26, 70, 86, 68, 23, 27, 0]], "interaction_matrix": [[0, 23, 83, 80, 40, 83, 93, 83], [23, 0, 23, 92, 79, 58, 10, 14], [83, 23, 0, 2, 84, 66, 39, 65], [80, 92, 2, 0, 84, 39, 45, 81], [40, 79, 84, 84, 0, 73, 71, 82], [83, 58, 66, 39, 73, 0, 56, 22], [93, 10, 39, 45, 71, 56, 0, 28], [83, 14, 65, 81, 82, 22, 28, 0]], "qp_weight": 1000000, "time_model_formulation": 0.006066799163818359, "gurobi_objective": 138842.0, "gurobi_execution_time": 1.001834, "fixstars_objective": 138842.0, "fixstars_execution_time": 0.979157, "dwave_objective": null, "dwave_execution_time": null}, {"nodes": 8, "max_edge_weight": 99999, "avg_edge_weight": 45669.5625, "distance_matrix": [[0, 73317, 63341, 92402, 67763, 85686, 72675, 51610], [73317, 0, 67526, 159, 17032, 40119, 42120, 26659], [63341, 67526, 0, 53567, 81086, 76536, 37167, 17343], [92402, 159, 53567, 0, 54123, 10097, 62142, 74093], [67763, 17032, 81086, 54123, 0, 34609, 8887, 90687], [85686, 40119, 76536, 10097, 34609, 0, 48534, 12081], [72675, 42120, 37167, 62142, 8887, 48534, 0, 7655], [51610, 26659, 17343, 74093, 90687, 12081, 7655, 0]], "interaction_matrix": [[0, 75141, 23199, 21514, 77655, 97406, 92265, 94320], [75141, 0, 36707, 58887, 61021, 85162, 52242, 58767], [23199, 36707, 0, 44844, 41895, 16604, 17361, 27476], [21514, 58887, 44844, 0, 42391, 3476, 94561, 28771], [77655, 61021, 41895, 42391, 0, 97265, 70000, 98746], [97406, 85162, 16604, 3476, 97265, 0, 46324, 72299], [92265, 52242, 17361, 94561, 70000, 46324, 0, 17537], [94320, 58767, 27476, 28771, 98746, 72299, 17537, 0]], "qp_weight": 374125056, "time_model_formulation": 0.005798816680908203, "gurobi_objective": 115638927046.0, "gurobi_execution_time": 0.859285, "fixstars_objective": null, "fixstars_execution_time": null, "dwave_objective": null, "dwave_execution_time": null}, {"nodes": 8, "max_edge_weight": 99999, "avg_edge_weight": 38678.3125, "distance_matrix": [[0, 798, 7795, 65198, 25725, 31621, 85836, 67626], [798, 0, 22546, 44493, 52619, 86600, 12214, 14730], [7795, 22546, 0, 49588, 93675, 10341, 13017, 49685], [65198, 44493, 49588, 0, 90056, 10081, 69235, 61614], [25725, 52619, 93675, 90056, 0, 25166, 5752, 4979], [31621, 86600, 10341, 10081, 25166, 0, 31800, 67931], [85836, 12214, 13017, 69235, 5752, 31800, 0, 10584], [67626, 14730, 49685, 61614, 4979, 67931, 10584, 0]], "interaction_matrix": [[0, 51019, 14389, 91172, 77930, 8919, 87772, 7409], [51019, 0, 63997, 7510, 83585, 75890, 58598, 49812], [14389, 63997, 0, 56153, 55882, 20237, 77333, 9063], [91172, 7510, 56153, 0, 29648, 76560, 27705, 67197], [77930, 83585, 55882, 29648, 0, 11832, 34788, 3989], [8919, 75890, 20237, 76560, 11832, 0, 63584, 62205], [87772, 58598, 77333, 27705, 34788, 63584, 0, 89929], [7409, 49812, 9063, 67197, 3989, 62205, 89929, 0]], "qp_weight": 316852736, "time_model_formulation": 0.005730152130126953, "gurobi_objective": 74852630174.0, "gurobi_execution_time": 0.657363, "fixstars_objective": null, "fixstars_execution_time": null, "dwave_objective": null, "dwave_execution_time": null}, {"nodes": 8, "max_edge_weight": 99999, "avg_edge_weight": 42765.0625, "distance_matrix": [[0, 32849, 4090, 18544, 24573, 46254, 45103, 1191], [32849, 0, 25349, 31319, 67734, 99310, 62010, 74255], [4090, 25349, 0, 88391, 7404, 66015, 75750, 11732], [18544, 31319, 88391, 0, 30867, 80851, 31002, 5887], [24573, 67734, 7404, 30867, 0, 59360, 96640, 63416], [46254, 99310, 66015, 80851, 59360, 0, 74641, 73778], [45103, 62010, 75750, 31002, 96640, 74641, 0, 80675], [1191, 74255, 11732, 5887, 63416, 73778, 80675, 0]], "interaction_matrix": [[0, 97676, 3398, 8091, 14952, 44695, 31465, 34566], [97676, 0, 38835, 49309, 38091, 27322, 76148, 97150], [3398, 38835, 0, 90598, 37490, 52856, 56521, 36705], [8091, 49309, 90598, 0, 63884, 58854, 5850, 45773], [14952, 38091, 37490, 63884, 0, 32284, 36304, 93951], [44695, 27322, 52856, 58854, 32284, 0, 29923, 58691], [31465, 76148, 56521, 5850, 36304, 29923, 0, 96592], [34566, 97150, 36705, 45773, 93951, 58691, 96592, 0]], "qp_weight": 350331392, "time_model_formulation": 0.00573420524597168, "gurobi_objective": 101238948876.0, "gurobi_execution_time": 0.954286, "fixstars_objective": null, "fixstars_execution_time": null, "dwave_objective": null, "dwave_execution_time": null}, {"nodes": 10, "max_edge_weight": 9, "avg_edge_weight": 4.85, "distance_matrix": [[0, 6, 7, 5, 3, 9, 9, 3, 4, 6], [6, 0, 2, 9, 3, 7, 2, 5, 9, 8], [7, 2, 0, 9, 9, 4, 2, 7, 4, 7], [5, 9, 9, 0, 3, 9, 6, 7, 1, 5], [3, 3, 9, 3, 0, 7, 9, 5, 1, 6], [9, 7, 4, 9, 7, 0, 3, 9, 2, 8], [9, 2, 2, 6, 9, 3, 0, 6, 8, 9], [3, 5, 7, 7, 5, 9, 6, 0, 6, 1], [4, 9, 4, 1, 1, 2, 8, 6, 0, 9], [6, 8, 7, 5, 6, 8, 9, 1, 9, 0]], "interaction_matrix": [[0, 4, 5, 9, 1, 7, 8, 5, 2, 1], [4, 0, 3, 5, 3, 2, 5, 5, 5, 9], [5, 3, 0, 3, 4, 4, 3, 1, 3, 6], [9, 5, 3, 0, 8, 7, 1, 5, 6, 9], [1, 3, 4, 8, 0, 9, 7, 2, 4, 5], [7, 2, 4, 7, 9, 0, 7, 3, 4, 5], [8, 5, 3, 1, 7, 7, 0, 7, 8, 7], [5, 5, 1, 5, 2, 3, 7, 0, 3, 8], [2, 5, 3, 6, 4, 4, 8, 3, 0, 8], [1, 9, 6, 9, 5, 5, 7, 8, 8, 0]], "qp_weight": 1000000, "time_model_formulation": 0.01505589485168457, "gurobi_objective": 2244.0, "gurobi_execution_time": 10.04828, "fixstars_objective": 2244.0, "fixstars_execution_time": 0.986292, "dwave_objective": null, "dwave_execution_time": null}, {"nodes": 10, "max_edge_weight": 9, "avg_edge_weight": 4.609999999999999, "distance_matrix": [[0, 4, 3, 9, 8, 2, 4, 4, 5, 2], [4, 0, 6, 9, 5, 7, 9, 5, 2, 8], [3, 6, 0, 3, 1, 3, 3, 4, 2, 7], [9, 9, 3, 0, 7, 6, 3, 9, 3, 8], [8, 5, 1, 7, 0, 6, 4, 4, 4, 5], [2, 7, 3, 6, 6, 0, 8, 9, 6, 6], [4, 9, 3, 3, 4, 8, 0, 2, 3, 8], [4, 5, 4, 9, 4, 9, 2, 0, 6, 4], [5, 2, 2, 3, 4, 6, 3, 6, 0, 4], [2, 8, 7, 8, 5, 6, 8, 4, 4, 0]], "interaction_matrix": [[0, 1, 3, 7, 7, 8, 4, 7, 1, 9], [1, 0, 8, 4, 7, 5, 2, 9, 4, 1], [3, 8, 0, 4, 3, 1, 2, 3, 6, 3], [7, 4, 4, 0, 1, 6, 1, 9, 1, 4], [7, 7, 3, 1, 0, 8, 5, 8, 5, 7], [8, 5, 1, 6, 8, 0, 6, 7, 7, 1], [4, 2, 2, 1, 5, 6, 0, 8, 8, 9], [7, 9, 3, 9, 8, 7, 8, 0, 8, 4], [1, 4, 6, 1, 5, 7, 8, 8, 0, 9], [9, 1, 3, 4, 7, 1, 9, 4, 9, 0]], "qp_weight": 1000000, "time_model_formulation": 0.015575885772705078, "gurobi_objective": 1970.0, "gurobi_execution_time": 9.717028, "fixstars_objective": 1970.0, "fixstars_execution_time": 0.983688, "dwave_objective": null, "dwave_execution_time": null}, {"nodes": 10, "max_edge_weight": 9, "avg_edge_weight": 4.48, "distance_matrix": [[0, 9, 4, 7, 9, 5, 7, 9, 6, 1], [9, 0, 8, 5, 6, 9, 1, 2, 1, 9], [4, 8, 0, 1, 2, 8, 2, 3, 3, 3], [7, 5, 1, 0, 3, 8, 3, 8, 9, 6], [9, 6, 2, 3, 0, 5, 5, 2, 9, 7], [5, 9, 8, 8, 5, 0, 6, 2, 6, 5], [7, 1, 2, 3, 5, 6, 0, 7, 3, 9], [9, 2, 3, 8, 2, 2, 7, 0, 8, 3], [6, 1, 3, 9, 9, 6, 3, 8, 0, 6], [1, 9, 3, 6, 7, 5, 9, 3, 6, 0]], "interaction_matrix": [[0, 9, 4, 3, 8, 1, 2, 9, 5, 6], [9, 0, 3, 2, 3, 4, 9, 4, 5, 4], [4, 3, 0, 8, 5, 4, 6, 4, 5, 6], [3, 2, 8, 0, 1, 3, 7, 7, 1, 1], [8, 3, 5, 1, 0, 1, 6, 8, 3, 8], [1, 4, 4, 3, 1, 0, 6, 6, 4, 1], [2, 9, 6, 7, 6, 6, 0, 9, 3, 2], [9, 4, 4, 7, 8, 6, 9, 0, 6, 4], [5, 5, 5, 1, 3, 4, 3, 6, 0, 2], [6, 4, 6, 1, 8, 1, 2, 4, 2, 0]], "qp_weight": 1000000, "time_model_formulation": 0.015835046768188477, "gurobi_objective": 1822.0, "gurobi_execution_time": 8.754214, "fixstars_objective": 1822.0, "fixstars_execution_time": 0.946732, "dwave_objective": null, "dwave_execution_time": null}, {"nodes": 10, "max_edge_weight": 99, "avg_edge_weight": 40.49, "distance_matrix": [[0, 36, 33, 12, 24, 54, 18, 7, 68, 36], [36, 0, 81, 47, 6, 23, 73, 74, 99, 55], [33, 81, 0, 5, 35, 77, 89, 3, 30, 91], [12, 47, 5, 0, 46, 73, 52, 54, 56, 22], [24, 6, 35, 46, 0, 7, 95, 53, 25, 62], [54, 23, 77, 73, 7, 0, 52, 8, 6, 90], [18, 73, 89, 52, 95, 52, 0, 58, 11, 20], [7, 74, 3, 54, 53, 8, 58, 0, 46, 89], [68, 99, 30, 56, 25, 6, 11, 46, 0, 2], [36, 55, 91, 22, 62, 90, 20, 89, 2, 0]], "interaction_matrix": [[0, 51, 32, 44, 13, 31, 21, 31, 64, 60], [51, 0, 88, 58, 58, 71, 41, 95, 53, 46], [32, 88, 0, 31, 1, 58, 57, 56, 26, 60], [44, 58, 31, 0, 52, 25, 93, 52, 71, 26], [13, 58, 1, 52, 0, 17, 3, 27, 60, 13], [31, 71, 58, 25, 17, 0, 31, 26, 60, 38], [21, 41, 57, 93, 3, 31, 0, 27, 35, 79], [31, 95, 56, 52, 27, 26, 27, 0, 82, 37], [64, 53, 26, 71, 60, 60, 35, 82, 0, 46], [60, 46, 60, 26, 13, 38, 79, 37, 46, 0]], "qp_weight": 1000000, "time_model_formulation": 0.015386819839477539, "gurobi_objective": 145376.0, "gurobi_execution_time": 7.792453, "fixstars_objective": 145376.0, "fixstars_execution_time": 1.034001, "dwave_objective": null, "dwave_execution_time": null}, {"nodes": 10, "max_edge_weight": 99, "avg_edge_weight": 44.980000000000004, "distance_matrix": [[0, 40, 58, 84, 23, 84, 64, 41, 97, 43], [40, 0, 97, 17, 72, 65, 74, 29, 38, 22], [58, 97, 0, 95, 47, 5, 25, 84, 73, 9], [84, 17, 95, 0, 20, 80, 97, 37, 31, 53], [23, 72, 47, 20, 0, 14, 56, 59, 28, 14], [84, 65, 5, 80, 14, 0, 9, 33, 84, 67], [64, 74, 25, 97, 56, 9, 0, 77, 25, 38], [41, 29, 84, 37, 59, 33, 77, 0, 37, 18], [97, 38, 73, 31, 28, 84, 25, 37, 0, 92], [43, 22, 9, 53, 14, 67, 38, 18, 92, 0]], "interaction_matrix": [[0, 29, 35, 4, 44, 98, 91, 76, 82, 93], [29, 0, 94, 14, 23, 20, 45, 65, 27, 91], [35, 94, 0, 89, 33, 48, 3, 10, 65, 92], [4, 14, 89, 0, 76, 94, 78, 14, 42, 27], [44, 23, 33, 76, 0, 21, 45, 92, 65, 37], [98, 20, 48, 94, 21, 0, 23, 37, 93, 1], [91, 45, 3, 78, 45, 23, 0, 8, 14, 60], [76, 65, 10, 14, 92, 37, 8, 0, 54, 20], [82, 27, 65, 42, 65, 93, 14, 54, 0, 71], [93, 91, 92, 27, 37, 1, 60, 20, 71, 0]], "qp_weight": 1000000, "time_model_formulation": 0.016073942184448242, "gurobi_objective": 176094.0, "gurobi_execution_time": 10.795487, "fixstars_objective": 176094.0, "fixstars_execution_time": 0.972359, "dwave_objective": null, "dwave_execution_time": null}, {"nodes": 10, "max_edge_weight": 99, "avg_edge_weight": 48.44, "distance_matrix": [[0, 64, 70, 75, 4, 32, 32, 80, 55, 45], [64, 0, 22, 40, 18, 92, 77, 8, 7, 49], [70, 22, 0, 69, 54, 92, 1, 64, 71, 28], [75, 40, 69, 0, 91, 58, 26, 51, 83, 64], [4, 18, 54, 91, 0, 38, 53, 11, 62, 82], [32, 92, 92, 58, 38, 0, 93, 76, 18, 99], [32, 77, 1, 26, 53, 93, 0, 44, 86, 70], [80, 8, 64, 51, 11, 76, 44, 0, 3, 75], [55, 7, 71, 83, 62, 18, 86, 3, 0, 34], [45, 49, 28, 64, 82, 99, 70, 75, 34, 0]], "interaction_matrix": [[0, 15, 15, 17, 61, 78, 35, 16, 16, 61], [15, 0, 64, 59, 23, 65, 99, 24, 31, 72], [15, 64, 0, 36, 23, 98, 49, 70, 65, 52], [17, 59, 36, 0, 91, 81, 86, 40, 21, 1], [61, 23, 23, 91, 0, 81, 66, 95, 82, 83], [78, 65, 98, 81, 81, 0, 3, 87, 10, 64], [35, 99, 49, 86, 66, 3, 0, 83, 60, 52], [16, 24, 70, 40, 95, 87, 83, 0, 84, 65], [16, 31, 65, 21, 82, 10, 60, 84, 0, 99], [61, 72, 52, 1, 83, 64, 52, 65, 99, 0]], "qp_weight": 1000000, "time_model_formulation": 0.01469111442565918, "gurobi_objective": 209010.0, "gurobi_execution_time": 7.946963, "fixstars_objective": 209010.0, "fixstars_execution_time": 0.997608, "dwave_objective": null, "dwave_execution_time": null}, {"nodes": 10, "max_edge_weight": 99999, "avg_edge_weight": 43043.72, "distance_matrix": [[0, 24929, 35163, 95887, 56615, 99940, 87400, 47584, 8512, 22418], [24929, 0, 49063, 64133, 33433, 56958, 12030, 6566, 77846, 96291], [35163, 49063, 0, 10914, 85101, 772, 10155, 52279, 27226, 39395], [95887, 64133, 10914, 0, 46469, 64242, 30317, 45585, 5646, 58757], [56615, 33433, 85101, 46469, 0, 52066, 16391, 2157, 9378, 90110], [99940, 56958, 772, 64242, 52066, 0, 46094, 2819, 1850, 66215], [87400, 12030, 10155, 30317, 16391, 46094, 0, 58090, 65365, 82724], [47584, 6566, 52279, 45585, 2157, 2819, 58090, 0, 6469, 93344], [8512, 77846, 27226, 5646, 9378, 1850, 65365, 6469, 0, 1226], [22418, 96291, 39395, 58757