{
  "dense": {
    "low": {
      "4": [
        [0, 5, 8, 6],
        [5, 0, 5, 7],
        [8, 5, 0, 5],
        [6, 7, 5, 0]
      ],
      "5": [
        [0, 3, 6, 7, 4],
        [3, 0, 1, 4, 8],
        [6, 1, 0, 3, 2],
        [7, 4, 3, 0, 5],
        [4, 8, 2, 5, 0]
      ],
      "6": [
        [0, 6, 9, 7, 4, 2],
        [6, 0, 1, 3, 5, 7],
        [9, 1, 0, 7, 4, 6],
        [7, 3, 7, 0, 9, 2],
        [4, 5, 4, 9, 0, 1],
        [2, 7, 6, 2, 1, 0]
      ],
      "7": [
        [0, 3, 6, 5, 3, 6, 8],
        [3, 0, 5, 4, 2, 7, 5],
        [6, 5, 0, 6, 6, 3, 7],
        [5, 4, 6, 0, 9, 9, 8],
        [3, 2, 6, 9, 0, 2, 5],
        [6, 7, 3, 9, 2, 0, 2],
        [8, 5, 7, 8, 5, 2, 0]
      ],
      "8": [
        [0, 5, 2, 2, 7, 6, 6, 4],
        [5, 0, 7, 8, 5, 4, 6, 5],
        [2, 7, 0, 2, 1, 6, 3, 5],
        [2, 8, 2, 0, 4, 8, 4, 3],
        [7, 5, 1, 4, 0, 2, 7, 9],
        [6, 4, 6, 8, 2, 0, 2, 9],
        [6, 6, 3, 4, 7, 2, 0, 2],
        [4, 5, 5, 3, 9, 9, 2, 0]
      ],
      "9": [
        [0, 2, 9, 9, 6, 7, 6, 6, 9],
        [2, 0, 4, 3, 2, 8, 5, 3, 4],
        [9, 4, 0, 4, 8, 5, 4, 3, 9],
        [9, 3, 4, 0, 1, 7, 1, 2, 4],
        [6, 2, 8, 1, 0, 2, 4, 1, 9],
        [7, 8, 5, 7, 2, 0, 5, 8, 8],
        [6, 5, 4, 1, 4, 5, 0, 1, 9],
        [6, 3, 3, 2, 1, 8, 1, 0, 4],
        [9, 4, 9, 4, 9, 8, 9, 4, 0]
      ],
      "10": [
        [0, 3, 8, 8, 2, 5, 9, 4, 3, 1],
        [3, 0, 5, 9, 7, 8, 2, 4, 4, 8],
        [8, 5, 0, 6, 3, 8, 2, 5, 3, 4],
        [8, 9, 6, 0, 8, 9, 2, 4, 5, 7],
        [2, 7, 3, 8, 0, 2, 5, 6, 3, 8],
        [5, 8, 8, 9, 2, 0, 4, 6, 7, 3],
        [9, 2, 2, 2, 5, 4, 0, 1, 4, 2],
        [4, 4, 5, 4, 6, 6, 1, 0, 9, 2],
        [3, 4, 3, 5, 3, 7, 4, 9, 0, 5],
        [1, 8, 4, 7, 8, 3, 2, 2, 5, 0]
      ],
      "11": [
        [0, 2, 7, 3, 2, 4, 5, 9, 2, 6, 5],
        [2, 0, 5, 1, 7, 1, 6, 1, 9, 2, 8],
        [7, 5, 0, 5, 1, 8, 7, 6, 4, 9, 7],
        [3, 1, 5, 0, 5, 7, 2, 9, 9, 1, 3],
        [2, 7, 1, 5, 0, 1, 2, 5, 6, 5, 8],
        [4, 1, 8, 7, 1, 0, 5, 3, 5, 4, 9],
        [5, 6, 7, 2, 2, 5, 0, 3, 7, 5, 8],
        [9, 1, 6, 9, 5, 3, 3, 0, 7, 1, 8],
        [2, 9, 4, 9, 6, 5, 7, 7, 0, 8, 8],
        [6, 2, 9, 1, 5, 4, 5, 1, 8, 0, 2],
        [5, 8, 7, 3, 8, 9, 8, 8, 8, 2, 0]
      ],
      "12": [
        [0, 8, 3, 7, 1, 2, 7, 6, 5, 7, 5, 4],
        [8, 0, 2, 7, 5, 8, 8, 2, 8, 5, 6, 5],
        [3, 2, 0, 6, 9, 1, 4, 4, 3, 7, 2, 9],
        [7, 7, 6, 0, 5, 7, 2, 6, 3, 1, 6, 9],
        [1, 5, 9, 5, 0, 9, 1, 9, 2, 7, 3, 8],
        [2, 8, 1, 7, 9, 0, 9, 6, 1, 1, 1, 8],
        [7, 8, 4, 2, 1, 9, 0, 8, 4, 7, 7, 7],
        [6, 2, 4, 6, 9, 6, 8, 0, 3, 5, 8, 4],
        [5, 8, 3, 3, 2, 1, 4, 3, 0, 1, 7, 5],
        [7, 5, 7, 1, 7, 1, 7, 5, 1, 0, 9, 5],
        [5, 6, 2, 6, 3, 1, 7, 8, 7, 9, 0, 7],
        [4, 5, 9, 9, 8, 8, 7, 4, 5, 5, 7, 0]
      ],
      "15": [
        [0, 7, 3, 7, 9, 9, 3, 1, 9, 8, 7, 4, 4, 5, 9],
        [7, 0, 9, 7, 4, 7, 1, 4, 2, 3, 4, 9, 2, 8, 4],
        [3, 9, 0, 3, 3, 2, 7, 1, 6, 6, 9, 4, 8, 9, 2],
        [7, 7, 3, 0, 1, 4, 4, 1, 7, 3, 1, 9, 1, 2, 7],
        [9, 4, 3, 1, 0, 6, 3, 6, 5, 5, 3, 6, 2, 5, 2],
        [9, 7, 2, 4, 6, 0, 9, 2, 3, 1, 6, 9, 9, 6, 1],
        [3, 1, 7, 4, 3, 9, 0, 7, 3, 7, 8, 8, 6, 3, 3],
        [1, 4, 1, 1, 6, 2, 7, 0, 6, 6, 5, 9, 8, 5, 3],
        [9, 2, 6, 7, 5, 3, 3, 6, 0, 9, 8, 6, 4, 1, 8],
        [8, 3, 6, 3, 5, 1, 7, 6, 9, 0, 8, 2, 3, 9, 8],
        [7, 4, 9, 1, 3, 6, 8, 5, 8, 8, 0, 4, 9, 6, 2],
        [4, 9, 4, 9, 6, 9, 8, 9, 6, 2, 4, 0, 8, 7, 1],
        [4, 2, 8, 1, 2, 9, 6, 8, 4, 3, 9, 8, 0, 9, 2],
        [5, 8, 9, 2, 5, 6, 3, 5, 1, 9, 6, 7, 9, 0, 3],
        [9, 4, 2, 7, 2, 1, 3, 3, 8, 8, 2, 1, 2, 3, 0]
      ],
      "20": [
        [0, 5, 1, 9, 2, 2, 4, 6, 1, 5, 9, 2, 5, 4, 5, 4, 3, 3, 9, 2],
        [5, 0, 2, 2, 2, 2, 3, 3, 2, 8, 7, 7, 6, 5, 6, 7, 7, 5, 9, 8],
        [1, 2, 0, 3, 2, 8, 2, 3, 2, 8, 3, 3, 9, 2, 4, 4, 6, 3, 1, 2],
        [9, 2, 3, 0, 3, 1, 6, 5, 4, 5, 6, 7, 6, 3, 6, 2, 5, 1, 9, 1],
        [2, 2, 2, 3, 0, 6, 4, 3, 9, 2, 4, 9, 7, 1, 4, 1, 8, 4, 2, 1],
        [2, 2, 8, 1, 6, 0, 9, 7, 8, 3, 3, 5, 2, 2, 4, 2, 3, 7, 4, 4],
        [4, 3, 2, 6, 4, 9, 0, 5, 7, 8, 9, 5, 9, 8, 7, 1, 1, 7, 6, 2],
        [6, 3, 3, 5, 3, 7, 5, 0, 9, 8, 4, 9, 2, 4, 4, 6, 9, 5, 3, 7],
        [1, 2, 2, 4, 9, 8, 7, 9, 0, 4, 8, 3, 9, 4, 3, 8, 5, 1, 2, 4],
        [5, 8, 8, 5, 2, 3, 8, 8, 4, 0, 2, 1, 6, 7, 4, 1, 8, 3, 2, 9],
        [9, 7, 3, 6, 4, 3, 9, 4, 8, 2, 0, 5, 5, 4, 2, 8, 6, 7, 7, 2],
        [2, 7, 3, 7, 9, 5, 5, 9, 3, 1, 5, 0, 6, 9, 7, 9, 4, 8, 6, 8],
        [5, 6, 9, 6, 7, 2, 9, 2, 9, 6, 5, 6, 0, 7, 2, 1, 3, 4, 3, 8],
        [4, 5, 2, 3, 1, 2, 8, 4, 4, 7, 4, 9, 7, 0, 5, 5, 9, 9, 1, 5],
        [5, 6, 4, 6, 4, 4, 7, 4, 3, 4, 2, 7, 2, 5, 0, 8, 5, 1, 7, 8],
        [4, 7, 4, 2, 1, 2, 1, 6, 8, 1, 8, 9, 1, 5, 8, 0, 4, 4, 9, 1],
        [3, 7, 6, 5, 8, 3, 1, 9, 5, 8, 6, 4, 3, 9, 5, 4, 0, 3, 2, 4],
        [3, 5, 3, 1, 4, 7, 7, 5, 1, 3, 7, 8, 4, 9, 1, 4, 3, 0, 8, 5],
        [9, 9, 1, 9, 2, 4, 6, 3, 2, 2, 7, 6, 3, 1, 7, 9, 2, 8, 0, 3],
        [2, 8, 2, 1, 1, 4, 2, 7, 4, 9, 2, 8, 8, 5, 8, 1, 4, 5, 3, 0]
      ],
      "69": [
        [
          0, 9, 4, 7, 2, 2, 5, 5, 6, 6, 8, 3, 7, 7, 9, 3, 2, 1, 7, 6, 1, 7, 8,
          7, 9, 2, 9, 3, 2, 2, 7, 6, 2, 6, 4, 1, 8, 3, 2, 1, 5, 4, 8, 1, 2, 1,
          5, 6, 2, 3, 9, 2, 4, 2, 8, 2, 6, 3, 3, 1, 7, 6, 1, 2, 2, 8, 5, 8, 6
        ],
        [
          9, 0, 2, 4, 3, 9, 3, 9, 6, 6, 6, 1, 8, 7, 1, 8, 9, 2, 7, 3, 4, 3, 5,
          6, 5, 6, 4, 1, 9, 6, 3, 8, 9, 6, 1, 8, 2, 1, 5, 1, 4, 4, 6, 3, 3, 1,
          6, 2, 8, 3, 6, 6, 8, 6, 2, 9, 4, 4, 9, 2, 3, 3, 8, 1, 3, 7, 2, 4, 1
        ],
        [
          4, 2, 0, 9, 3, 9, 6, 3, 7, 6, 4, 4, 7, 7, 4, 9, 1, 7, 3, 4, 5, 2, 2,
          2, 3, 2, 4, 9, 8, 7, 5, 1, 6, 4, 6, 4, 5, 6, 3, 6, 1, 3, 4, 1, 5, 9,
          7, 2, 1, 4, 5, 4, 3, 1, 6, 7, 4, 3, 7, 8, 9, 2, 7, 8, 5, 6, 8, 6, 9
        ],
        [
          7, 4, 9, 0, 5, 4, 5, 2, 3, 9, 3, 6, 1, 1, 1, 1, 6, 5, 9, 1, 2, 6, 9,
          8, 4, 2, 6, 8, 4, 7, 9, 6, 9, 8, 4, 4, 3, 1, 6, 7, 2, 5, 5, 9, 1, 8,
          3, 9, 4, 8, 5, 3, 5, 1, 5, 1, 4, 8, 4, 4, 2, 6, 7, 8, 4, 9, 2, 3, 8
        ],
        [
          2, 3, 3, 5, 0, 7, 2, 8, 8, 1, 5, 2, 7, 8, 8, 3, 8, 9, 1, 3, 4, 3, 9,
          2, 7, 6, 1, 2, 1, 4, 5, 2, 7, 3, 3, 7, 6, 7, 8, 6, 7, 7, 8, 4, 4, 5,
          9, 6, 4, 4, 8, 1, 2, 1, 1, 2, 5, 9, 6, 8, 8, 7, 5, 6, 9, 9, 9, 7, 1
        ],
        [
          2, 9, 9, 4, 7, 0, 6, 9, 2, 8, 6, 8, 3, 4, 6, 2, 3, 1, 8, 1, 2, 5, 1,
          3, 4, 4, 9, 1, 7, 6, 1, 3, 5, 8, 7, 1, 9, 2, 9, 4, 2, 2, 4, 8, 9, 7,
          7, 1, 8, 4, 4, 8, 4, 4, 3, 8, 9, 2, 3, 2, 4, 7, 1, 8, 1, 5, 8, 2, 7
        ],
        [
          5, 3, 6, 5, 2, 6, 0, 5, 2, 2, 4, 2, 5, 6, 3, 9, 9, 2, 7, 9, 4, 9, 9,
          1, 5, 5, 7, 8, 8, 4, 9, 6, 7, 6, 2, 8, 4, 8, 8, 6, 8, 9, 4, 6, 6, 7,
          7, 9, 5, 4, 3, 4, 8, 2, 3, 6, 1, 8, 5, 2, 8, 3, 2, 3, 5, 6, 7, 5, 8
        ],
        [
          5, 9, 3, 2, 8, 9, 5, 0, 7, 9, 9, 6, 4, 4, 5, 3, 9, 8, 1, 6, 2, 2, 1,
          4, 1, 5, 4, 9, 9, 3, 3, 4, 1, 3, 3, 8, 6, 3, 6, 3, 8, 2, 2, 5, 4, 4,
          6, 7, 5, 2, 4, 9, 7, 8, 6, 9, 9, 2, 9, 3, 9, 5, 2, 1, 7, 8, 6, 5, 5
        ],
        [
          6, 6, 7, 3, 8, 2, 2, 7, 0, 6, 6, 4, 2, 3, 2, 7, 2, 7, 7, 7, 8, 1, 2,
          5, 8, 2, 8, 7, 5, 7, 4, 1, 4, 4, 8, 8, 5, 3, 4, 6, 7, 5, 1, 4, 4, 6,
          1, 6, 5, 3, 5, 4, 5, 5, 4, 7, 6, 7, 2, 1, 2, 3, 5, 5, 7, 1, 6, 4, 1
        ],
        [
          6, 6, 6, 9, 1, 8, 2, 9, 6, 0, 5, 2, 9, 9, 8, 3, 4, 6, 4, 9, 7, 6, 1,
          4, 3, 8, 4, 1, 1, 6, 7, 1, 2, 3, 2, 2, 1, 7, 6, 7, 7, 6, 4, 4, 4, 2,
          1, 2, 5, 2, 9, 7, 4, 8, 6, 9, 4, 8, 3, 4, 3, 3, 4, 7, 6, 7, 6, 4, 7
        ],
        [
          8, 6, 4, 3, 5, 6, 4, 9, 6, 5, 0, 5, 6, 1, 3, 2, 6, 5, 9, 3, 3, 2, 9,
          9, 5, 3, 5, 2, 9, 8, 2, 4, 7, 5, 3, 9, 2, 6, 6, 2, 5, 1, 2, 4, 3, 5,
          5, 5, 4, 9, 5, 1, 3, 1, 5, 6, 7, 4, 1, 7, 5, 8, 7, 7, 9, 7, 7, 2, 9
        ],
        [
          3, 1, 4, 6, 2, 8, 2, 6, 4, 2, 5, 0, 3, 6, 7, 2, 9, 8, 6, 9, 5, 3, 7,
          5, 2, 1, 8, 1, 2, 9, 1, 2, 3, 5, 5, 8, 7, 3, 5, 7, 9, 5, 4, 3, 5, 8,
          4, 5, 4, 1, 8, 6, 7, 7, 8, 7, 4, 5, 4, 3, 3, 6, 5, 2, 8, 8, 1, 1, 3
        ],
        [
          7, 8, 7, 1, 7, 3, 5, 4, 2, 9, 6, 3, 0, 7, 8, 2, 5, 6, 4, 4, 3, 6, 3,
          8, 9, 7, 1, 4, 8, 5, 4, 1, 1, 4, 5, 2, 9, 9, 8, 4, 9, 7, 7, 2, 4, 9,
          8, 6, 1, 9, 1, 1, 8, 5, 5, 2, 4, 3, 8, 7, 8, 3, 7, 1, 7, 6, 6, 6, 8
        ],
        [
          7, 7, 7, 1, 8, 4, 6, 4, 3, 9, 1, 6, 7, 0, 9, 8, 8, 7, 7, 9, 1, 1, 6,
          8, 9, 9, 5, 9, 1, 4, 6, 2, 8, 3, 7, 9, 2, 5, 9, 9, 9, 9, 7, 1, 4, 5,
          5, 9, 2, 3, 5, 4, 6, 7, 1, 2, 2, 2, 7, 6, 1, 9, 8, 4, 5, 2, 5, 5, 3
        ],
        [
          9, 1, 4, 1, 8, 6, 3, 5, 2, 8, 3, 7, 8, 9, 0, 6, 8, 1, 6, 2, 3, 2, 6,
          5, 7, 5, 1, 9, 1, 7, 4, 3, 9, 8, 6, 5, 6, 8, 2, 7, 5, 4, 6, 4, 7, 4,
          6, 3, 1, 4, 4, 3, 9, 7, 9, 2, 2, 5, 7, 3, 9, 9, 5, 4, 5, 7, 3, 6, 3
        ],
        [
          3, 8, 9, 1, 3, 2, 9, 3, 7, 3, 2, 2, 2, 8, 6, 0, 7, 2, 5, 6, 2, 3, 1,
          7, 5, 7, 4, 2, 6, 2, 3, 5, 1, 2, 7, 1, 6, 8, 1, 9, 3, 3, 8, 4, 4, 4,
          5, 2, 5, 6, 7, 7, 3, 8, 6, 1, 3, 9, 6, 3, 6, 4, 5, 3, 3, 5, 1, 6, 2
        ],
        [
          2, 9, 1, 6, 8, 3, 9, 9, 2, 4, 6, 9, 5, 8, 8, 7, 0, 6, 1, 1, 1, 5, 5,
          4, 2, 9, 1, 9, 9, 5, 7, 6, 5, 6, 5, 3, 7, 4, 8, 7, 5, 3, 6, 8, 8, 1,
          9, 7, 4, 1, 8, 1, 2, 2, 4, 3, 1, 2, 1, 4, 1, 3, 9, 9, 3, 6, 7, 1, 9
        ],
        [
          1, 2, 7, 5, 9, 1, 2, 8, 7, 6, 5, 8, 6, 7, 1, 2, 6, 0, 3, 1, 1, 7, 7,
          1, 8, 3, 6, 2, 2, 4, 4, 2, 8, 2, 5, 8, 7, 1, 3, 2, 4, 7, 3, 7, 3, 6,
          5, 4, 5, 8, 6, 2, 8, 2, 7, 3, 4, 4, 3, 3, 3, 5, 6, 3, 2, 3, 3, 3, 6
        ],
        [
          7, 7, 3, 9, 1, 8, 7, 1, 7, 4, 9, 6, 4, 7, 6, 5, 1, 3, 0, 6, 2, 6, 5,
          2, 6, 6, 8, 5, 8, 5, 9, 8, 9, 7, 8, 8, 7, 5, 3, 4, 2, 6, 3, 2, 2, 6,
          8, 6, 4, 5, 1, 1, 9, 7, 5, 5, 1, 3, 4, 8, 3, 9, 2, 3, 7, 5, 2, 9, 4
        ],
        [
          6, 3, 4, 1, 3, 1, 9, 6, 7, 9, 3, 9, 4, 9, 2, 6, 1, 1, 6, 0, 7, 7, 8,
          6, 9, 6, 2, 7, 5, 9, 2, 3, 4, 2, 3, 1, 7, 2, 6, 8, 6, 8, 1, 9, 1, 6,
          6, 2, 1, 9, 7, 3, 4, 4, 9, 9, 4, 4, 9, 6, 5, 3, 8, 1, 3, 3, 4, 9, 2
        ],
        [
          1, 4, 5, 2, 4, 2, 4, 2, 8, 7, 3, 5, 3, 1, 3, 2, 1, 1, 2, 7, 0, 8, 9,
          5, 1, 1, 2, 1, 8, 4, 8, 7, 1, 8, 9, 9, 1, 9, 1, 6, 1, 5, 7, 1, 8, 1,
          2, 7, 9, 2, 9, 6, 4, 5, 1, 6, 3, 3, 1, 1, 8, 8, 2, 6, 8, 7, 2, 4, 3
        ],
        [
          7, 3, 2, 6, 3, 5, 9, 2, 1, 6, 2, 3, 6, 1, 2, 3, 5, 7, 6, 7, 8, 0, 7,
          7, 9, 5, 4, 4, 4, 9, 2, 3, 1, 1, 8, 6, 9, 6, 3, 6, 8, 4, 3, 3, 5, 4,
          6, 2, 9, 2, 7, 5, 9, 9, 8, 1, 9, 2, 2, 7, 4, 1, 6, 4, 2, 9, 5, 7, 6
        ],
        [
          8, 5, 2, 9, 9, 1, 9, 1, 2, 1, 9, 7, 3, 6, 6, 1, 5, 7, 5, 8, 9, 7, 0,
          2, 2, 2, 6, 6, 5, 8, 4, 7, 4, 9, 6, 8, 4, 1, 3, 3, 7, 4, 2, 3, 4, 2,
          3, 8, 1, 3, 8, 9, 2, 9, 3, 4, 9, 5, 7, 1, 9, 8, 5, 5, 8, 9, 4, 5, 3
        ],
        [
          7, 6, 2, 8, 2, 3, 1, 4, 5, 4, 9, 5, 8, 8, 5, 7, 4, 1, 2, 6, 5, 7, 2,
          0, 7, 6, 4, 5, 8, 7, 2, 3, 4, 5, 1, 6, 6, 9, 8, 8, 1, 8, 5, 6, 6, 2,
          6, 4, 9, 8, 7, 5, 4, 4, 5, 4, 4, 4, 4, 6, 1, 9, 7, 1, 9, 5, 8, 7, 9
        ],
        [
          9, 5, 3, 4, 7, 4, 5, 1, 8, 3, 5, 2, 9, 9, 7, 5, 2, 8, 6, 9, 1, 9, 2,
          7, 0, 4, 2, 6, 4, 3, 1, 5, 1, 3, 3, 1, 5, 6, 6, 4, 2, 1, 5, 2, 8, 9,
          4, 8, 9, 5, 8, 7, 9, 6, 4, 3, 8, 2, 6, 1, 6, 5, 9, 9, 1, 3, 6, 9, 3
        ],
        [
          2, 6, 2, 2, 6, 4, 5, 5, 2, 8, 3, 1, 7, 9, 5, 7, 9, 3, 6, 6, 1, 5, 2,
          6, 4, 0, 5, 6, 9, 9, 8, 7, 4, 8, 3, 6, 4, 3, 1, 2, 9, 8, 6, 3, 5, 8,
          5, 5, 3, 8, 1, 5, 5, 5, 4, 1, 3, 4, 1, 1, 5, 8, 9, 2, 3, 1, 7, 4, 7
        ],
        [
          9, 4, 4, 6, 1, 9, 7, 4, 8, 4, 5, 8, 1, 5, 1, 4, 1, 6, 8, 2, 2, 4, 6,
          4, 2, 5, 0, 9, 2, 3, 3, 1, 7, 1, 7, 3, 5, 9, 2, 2, 1, 9, 4, 8, 3, 1,
          9, 3, 5, 2, 1, 9, 1, 3, 8, 9, 8, 9, 3, 2, 9, 1, 1, 7, 1, 3, 1, 1, 2
        ],
        [
          3, 1, 9, 8, 2, 1, 8, 9, 7, 1, 2, 1, 4, 9, 9, 2, 9, 2, 5, 7, 1, 4, 6,
          5, 6, 6, 9, 0, 5, 8, 3, 2, 8, 1, 5, 9, 2, 5, 2, 9, 2, 2, 7, 6, 6, 5,
          8, 4, 1, 6, 3, 9, 4, 3, 6, 5, 5, 1, 2, 7, 3, 1, 8, 4, 2, 3, 4, 8, 7
        ],
        [
          2, 9, 8, 4, 1, 7, 8, 9, 5, 1, 9, 2, 8, 1, 1, 6, 9, 2, 8, 5, 8, 4, 5,
          8, 4, 9, 2, 5, 0, 4, 4, 2, 6, 4, 8, 4, 4, 9, 2, 6, 1, 4, 2, 8, 8, 6,
          3, 5, 4, 3, 4, 3, 7, 4, 3, 2, 8, 9, 2, 2, 8, 3, 4, 5, 7, 7, 5, 5, 8
        ],
        [
          2, 6, 7, 7, 4, 6, 4, 3, 7, 6, 8, 9, 5, 4, 7, 2, 5, 4, 5, 9, 4, 9, 8,
          7, 3, 9, 3, 8, 4, 0, 1, 5, 3, 6, 1, 5, 6, 3, 1, 8, 6, 9, 7, 1, 1, 7,
          3, 7, 8, 9, 2, 2, 9, 3, 8, 4, 3, 9, 2, 7, 4, 9, 1, 9, 1, 3, 5, 6, 9
        ],
        [
          7, 3, 5, 9, 5, 1, 9, 3, 4, 7, 2, 1, 4, 6, 4, 3, 7, 4, 9, 2, 8, 2, 4,
          2, 1, 8, 3, 3, 4, 1, 0, 8, 2, 5, 7, 4, 1, 6, 5, 7, 4, 1, 9, 9, 9, 2,
          4, 9, 7, 6, 3, 9, 1, 3, 4, 8, 8, 8, 6, 1, 6, 9, 3, 6, 8, 5, 6, 4, 7
        ],
        [
          6, 8, 1, 6, 2, 3, 6, 4, 1, 1, 4, 2, 1, 2, 3, 5, 6, 2, 8, 3, 7, 3, 7,
          3, 5, 7, 1, 2, 2, 5, 8, 0, 9, 4, 2, 3, 2, 3, 1, 6, 4, 1, 5, 5, 4, 6,
          3, 2, 4, 2, 8, 3, 9, 5, 9, 3, 2, 9, 9, 6, 2, 7, 7, 4, 6, 1, 8, 8, 8
        ],
        [
          2, 9, 6, 9, 7, 5, 7, 1, 4, 2, 7, 3, 1, 8, 9, 1, 5, 8, 9, 4, 1, 1, 4,
          4, 1, 4, 7, 8, 6, 3, 2, 9, 0, 9, 9, 6, 2, 9, 1, 7, 6, 8, 4, 3, 3, 3,
          3, 7, 7, 4, 7, 4, 5, 9, 1, 9, 7, 3, 6, 2, 4, 6, 9, 2, 3, 6, 6, 4, 8
        ],
        [
          6, 6, 4, 8, 3, 8, 6, 3, 4, 3, 5, 5, 4, 3, 8, 2, 6, 2, 7, 2, 8, 1, 9,
          5, 3, 8, 1, 1, 4, 6, 5, 4, 9, 0, 5, 2, 9, 9, 3, 5, 8, 4, 1, 1, 3, 1,
          8, 3, 7, 4, 5, 4, 1, 2, 4, 9, 9, 1, 1, 6, 9, 2, 4, 7, 2, 4, 1, 1, 4
        ],
        [
          4, 1, 6, 4, 3, 7, 2, 3, 8, 2, 3, 5, 5, 7, 6, 7, 5, 5, 8, 3, 9, 8, 6,
          1, 3, 3, 7, 5, 8, 1, 7, 2, 9, 5, 0, 5, 1, 5, 3, 7, 7, 5, 4, 3, 8, 6,
          5, 7, 9, 8, 1, 4, 7, 5, 7, 3, 5, 9, 4, 5, 7, 1, 5, 2, 2, 5, 1, 1, 5
        ],
        [
          1, 8, 4, 4, 7, 1, 8, 8, 8, 2, 9, 8, 2, 9, 5, 1, 3, 8, 8, 1, 9, 6, 8,
          6, 1, 6, 3, 9, 4, 5, 4, 3, 6, 2, 5, 0, 1, 2, 4, 3, 8, 7, 9, 2, 2, 8,
          5, 5, 6, 3, 1, 8, 8, 3, 5, 3, 4, 8, 1, 2, 7, 7, 3, 8, 6, 9, 5, 3, 3
        ],
        [
          8, 2, 5, 3, 6, 9, 4, 6, 5, 1, 2, 7, 9, 2, 6, 6, 7, 7, 7, 7, 1, 9, 4,
          6, 5, 4, 5, 2, 4, 6, 1, 2, 2, 9, 1, 1, 0, 2, 2, 5, 7, 1, 5, 5, 4, 4,
          7, 2, 2, 2, 7, 5, 4, 3, 4, 9, 4, 2, 6, 6, 7, 4, 4, 5, 8, 5, 6, 9, 3
        ],
        [
          3, 1, 6, 1, 7, 2, 8, 3, 3, 7, 6, 3, 9, 5, 8, 8, 4, 1, 5, 2, 9, 6, 1,
          9, 6, 3, 9, 5, 9, 3, 6, 3, 9, 9, 5, 2, 2, 0, 8, 6, 9, 7, 9, 8, 1, 2,
          8, 4, 4, 5, 3, 2, 4, 3, 3, 2, 6, 5, 5, 4, 3, 4, 1, 6, 9, 1, 8, 6, 7
        ],
        [
          2, 5, 3, 6, 8, 9, 8, 6, 4, 6, 6, 5, 8, 9, 2, 1, 8, 3, 3, 6, 1, 3, 3,
          8, 6, 1, 2, 2, 2, 1, 5, 1, 1, 3, 3, 4, 2, 8, 0, 3, 8, 5, 4, 7, 9, 6,
          9, 9, 7, 3, 7, 2, 1, 7, 7, 4, 7, 8, 2, 7, 4, 4, 7, 8, 1, 3, 3, 4, 9
        ],
        [
          1, 1, 6, 7, 6, 4, 6, 3, 6, 7, 2, 7, 4, 9, 7, 9, 7, 2, 4, 8, 6, 6, 3,
          8, 4, 2, 2, 9, 6, 8, 7, 6, 7, 5, 7, 3, 5, 6, 3, 0, 1, 3, 2, 8, 2, 8,
          9, 1, 2, 6, 5, 5, 6, 5, 5, 1, 1, 2, 4, 3, 9, 6, 8, 7, 6, 3, 5, 6, 6
        ],
        [
          5, 4, 1, 2, 7, 2, 8, 8, 7, 7, 5, 9, 9, 9, 5, 3, 5, 4, 2, 6, 1, 8, 7,
          1, 2, 9, 1, 2, 1, 6, 4, 4, 6, 8, 7, 8, 7, 9, 8, 1, 0, 7, 8, 1, 2, 7,
          1, 6, 4, 4, 1, 4, 2, 9, 5, 6, 5, 9, 1, 9, 3, 2, 9, 8, 3, 9, 9, 2, 5
        ],
        [
          4, 4, 3, 5, 7, 2, 9, 2, 5, 6, 1, 5, 7, 9, 4, 3, 3, 7, 6, 8, 5, 4, 4,
          8, 1, 8, 9, 2, 4, 9, 1, 1, 8, 4, 5, 7, 1, 7, 5, 3, 7, 0, 1, 5, 7, 6,
          7, 2, 1, 1, 6, 3, 5, 5, 5, 5, 1, 4, 4, 1, 3, 8, 3, 5, 7, 1, 7, 9, 1
        ],
        [
          8, 6, 4, 5, 8, 4, 4, 2, 1, 4, 2, 4, 7, 7, 6, 8, 6, 3, 3, 1, 7, 3, 2,
          5, 5, 6, 4, 7, 2, 7, 9, 5, 4, 1, 4, 9, 5, 9, 4, 2, 8, 1, 0, 1, 3, 5,
          6, 1, 3, 4, 1, 2, 1, 5, 9, 9, 5, 7, 4, 6, 5, 7, 9, 9, 5, 5, 2, 8, 3
        ],
        [
          1, 3, 1, 9, 4, 8, 6, 5, 4, 4, 4, 3, 2, 1, 4, 4, 8, 7, 2, 9, 1, 3, 3,
          6, 2, 3, 8, 6, 8, 1, 9, 5, 3, 1, 3, 2, 5, 8, 7, 8, 1, 5, 1, 0, 1, 5,
          4, 4, 5, 3, 3, 9, 2, 9, 5, 1, 2, 8, 4, 3, 7, 4, 5, 1, 5, 1, 9, 7, 6
        ],
        [
          2, 3, 5, 1, 4, 9, 6, 4, 4, 4, 3, 5, 4, 4, 7, 4, 8, 3, 2, 1, 8, 5, 4,
          6, 8, 5, 3, 6, 8, 1, 9, 4, 3, 3, 8, 2, 4, 1, 9, 2, 2, 7, 3, 1, 0, 1,
          2, 7, 7, 6, 6, 5, 4, 6, 1, 6, 3, 4, 9, 5, 9, 3, 8, 5, 6, 3, 2, 5, 5
        ],
        [
          1, 1, 9, 8, 5, 7, 7, 4, 6, 2, 5, 8, 9, 5, 4, 4, 1, 6, 6, 6, 1, 4, 2,
          2, 9, 8, 1, 5, 6, 7, 2, 6, 3, 1, 6, 8, 4, 2, 6, 8, 7, 6, 5, 5, 1, 0,
          1, 8, 9, 6, 9, 1, 5, 5, 4, 3, 6, 1, 4, 6, 5, 4, 3, 4, 4, 1, 5, 1, 6
        ],
        [
          5, 6, 7, 3, 9, 7, 7, 6, 1, 1, 5, 4, 8, 5, 6, 5, 9, 5, 8, 6, 2, 6, 3,
          6, 4, 5, 9, 8, 3, 3, 4, 3, 3, 8, 5, 5, 7, 8, 9, 9, 1, 7, 6, 4, 2, 1,
          0, 6, 7, 3, 7, 3, 3, 2, 5, 1, 8, 2, 9, 9, 1, 1, 2, 6, 3, 6, 4, 1, 5
        ],
        [
          6, 2, 2, 9, 6, 1, 9, 7, 6, 2, 5, 5, 6, 9, 3, 2, 7, 4, 6, 2, 7, 2, 8,
          4, 8, 5, 3, 4, 5, 7, 9, 2, 7, 3, 7, 5, 2, 4, 9, 1, 6, 2, 1, 4, 7, 8,
          6, 0, 2, 6, 6, 7, 6, 9, 1, 9, 9, 1, 3, 5, 2, 9, 9, 3, 8, 9, 5, 8, 5
        ],
        [
          2, 8, 1, 4, 4, 8, 5, 5, 5, 5, 4, 4, 1, 2, 1, 5, 4, 5, 4, 1, 9, 9, 1,
          9, 9, 3, 5, 1, 4, 8, 7, 4, 7, 7, 9, 6, 2, 4, 7, 2, 4, 1, 3, 5, 7, 9,
          7, 2, 0, 5, 6, 8, 8, 9, 4, 3, 5, 9, 9, 4, 2, 5, 7, 8, 8, 8, 7, 9, 1
        ],
        [
          3, 3, 4, 8, 4, 4, 4, 2, 3, 2, 9, 1, 9, 3, 4, 6, 1, 8, 5, 9, 2, 2, 3,
          8, 5, 8, 2, 6, 3, 9, 6, 2, 4, 4, 8, 3, 2, 5, 3, 6, 4, 1, 4, 3, 6, 6,
          3, 6, 5, 0, 3, 7, 9, 7, 4, 4, 5, 9, 9, 7, 7, 9, 9, 8, 5, 6, 2, 4, 6
        ],
        [
          9, 6, 5, 5, 8, 4, 3, 4, 5, 9, 5, 8, 1, 5, 4, 7, 8, 6, 1, 7, 9, 7, 8,
          7, 8, 1, 1, 3, 4, 2, 3, 8, 7, 5, 1, 1, 7, 3, 7, 5, 1, 6, 1, 3, 6, 9,
          7, 6, 6, 3, 0, 2, 1, 8, 9, 3, 7, 5, 6, 8, 4, 6, 7, 6, 6, 1, 3, 4, 9
        ],
        [
          2, 6, 4, 3, 1, 8, 4, 9, 4, 7, 1, 6, 1, 4, 3, 7, 1, 2, 1, 3, 6, 5, 9,
          5, 7, 5, 9, 9, 3, 2, 9, 3, 4, 4, 4, 8, 5, 2, 2, 5, 4, 3, 2, 9, 5, 1,
          3, 7, 8, 7, 2, 0, 1, 9, 9, 4, 3, 6, 5, 4, 4, 5, 4, 9, 8, 2, 8, 8, 4
        ],
        [
          4, 8, 3, 5, 2, 4, 8, 7, 5, 4, 3, 7, 8, 6, 9, 3, 2, 8, 9, 4, 4, 9, 2,
          4, 9, 5, 1, 4, 7, 9, 1, 9, 5, 1, 7, 8, 4, 4, 1, 6, 2, 5, 1, 2, 4, 5,
          3, 6, 8, 9, 1, 1, 0, 1, 9, 5, 8, 5, 2, 4, 3, 1, 1, 1, 9, 8, 6, 7, 3
        ],
        [
          2, 6, 1, 1, 1, 4, 2, 8, 5, 8, 1, 7, 5, 7, 7, 8, 2, 2, 7, 4, 5, 9, 9,
          4, 6, 5, 3, 3, 4, 3, 3, 5, 9, 2, 5, 3, 3, 3, 7, 5, 9, 5, 5, 9, 6, 5,
          2, 9, 9, 7, 8, 9, 1, 0, 8, 8, 3, 8, 6, 8, 8, 4, 5, 9, 3, 4, 2, 7, 1
        ],
        [
          8, 2, 6, 5, 1, 3, 3, 6, 4, 6, 5, 8, 5, 1, 9, 6, 4, 7, 5, 9, 1, 8, 3,
          5, 4, 4, 8, 6, 3, 8, 4, 9, 1, 4, 7, 5, 4, 3, 7, 5, 5, 5, 9, 5, 1, 4,
          5, 1, 4, 4, 9, 9, 9, 8, 0, 9, 3, 1, 3, 4, 9, 5, 6, 2, 1, 3, 8, 5, 4
        ],
        [
          2, 9, 7, 1, 2, 8, 6, 9, 7, 9, 6, 7, 2, 2, 2, 1, 3, 3, 5, 9, 6, 1, 4,
          4, 3, 1, 9, 5, 2, 4, 8, 3, 9, 9, 3, 3, 9, 2, 4, 1, 6, 5, 9, 1, 6, 3,
          1, 9, 3, 4, 3, 4, 5, 8, 9, 0, 3, 9, 7, 3, 9, 4, 2, 5, 4, 1, 4, 6, 8
        ],
        [
          6, 4, 4, 4, 5, 9, 1, 9, 6, 4, 7, 4, 4, 2, 2, 3, 1, 4, 1, 4, 3, 9, 9,
          4, 8, 3, 8, 5, 8, 3, 8, 2, 7, 9, 5, 4, 4, 6, 7, 1, 5, 1, 5, 2, 3, 6,
          8, 9, 5, 5, 7, 3, 8, 3, 3, 3, 0, 3, 7, 9, 8, 6, 1, 7, 3, 2, 2, 4, 6
        ],
        [
          3, 4, 3, 8, 9, 2, 8, 2, 7, 8, 4, 5, 3, 2, 5, 9, 2, 4, 3, 4, 3, 2, 5,
          4, 2, 4, 9, 1, 9, 9, 8, 9, 3, 1, 9, 8, 2, 5, 8, 2, 9, 4, 7, 8, 4, 1,
          2, 1, 9, 9, 5, 6, 5, 8, 1, 9, 3, 0, 2, 7, 9, 1, 7, 4, 5, 2, 3, 2, 9
        ],
        [
          3, 9, 7, 4, 6, 3, 5, 9, 2, 3, 1, 4, 8, 7, 7, 6, 1, 3, 4, 9, 1, 2, 7,
          4, 6, 1, 3, 2, 2, 2, 6, 9, 6, 1, 4, 1, 6, 5, 2, 4, 1, 4, 4, 4, 9, 4,
          9, 3, 9, 9, 6, 5, 2, 6, 3, 7, 7, 2, 0, 4, 3, 7, 8, 2, 9, 3, 6, 3, 6
        ],
        [
          1, 2, 8, 4, 8, 2, 2, 3, 1, 4, 7, 3, 7, 6, 3, 3, 4, 3, 8, 6, 1, 7, 1,
          6, 1, 1, 2, 7, 2, 7, 1, 6, 2, 6, 5, 2, 6, 4, 7, 3, 9, 1, 6, 3, 5, 6,
          9, 5, 4, 7, 8, 4, 4, 8, 4, 3, 9, 7, 4, 0, 3, 1, 2, 1, 1, 7, 2, 9, 4
        ],
        [
          7, 3, 9, 2, 8, 4, 8, 9, 2, 3, 5, 3, 8, 1, 9, 6, 1, 3, 3, 5, 8, 4, 9,
          1, 6, 5, 9, 3, 8, 4, 6, 2, 4, 9, 7, 7, 7, 3, 4, 9, 3, 3, 5, 7, 9, 5,
          1, 2, 2, 7, 4, 4, 3, 8, 9, 9, 8, 9, 3, 3, 0, 8, 6, 3, 8, 9, 4, 1, 6
        ],
        [
          6, 3, 2, 6, 7, 7, 3, 5, 3, 3, 8, 6, 3, 9, 9, 4, 3, 5, 9, 3, 8, 1, 8,
          9, 5, 8, 1, 1, 3, 9, 9, 7, 6, 2, 1, 7, 4, 4, 4, 6, 2, 8, 7, 4, 3, 4,
          1, 9, 5, 9, 6, 5, 1, 4, 5, 4, 6, 1, 7, 1, 8, 0, 8, 3, 4, 9, 8, 7, 6
        ],
        [
          1, 8, 7, 7, 5, 1, 2, 2, 5, 4, 7, 5, 7, 8, 5, 5, 9, 6, 2, 8, 2, 6, 5,
          7, 9, 9, 1, 8, 4, 1, 3, 7, 9, 4, 5, 3, 4, 1, 7, 8, 9, 3, 9, 5, 8, 3,
          2, 9, 7, 9, 7, 4, 1, 5, 6, 2, 1, 7, 8, 2, 6, 8, 0, 6, 9, 5, 7, 8, 5
        ],
        [
          2, 1, 8, 8, 6, 8, 3, 1, 5, 7, 7, 2, 1, 4, 4, 3, 9, 3, 3, 1, 6, 4, 5,
          1, 9, 2, 7, 4, 5, 9, 6, 4, 2, 7, 2, 8, 5, 6, 8, 7, 8, 5, 9, 1, 5, 4,
          6, 3, 8, 8, 6, 9, 1, 9, 2, 5, 7, 4, 2, 1, 3, 3, 6, 0, 9, 5, 7, 5, 9
        ],
        [
          2, 3, 5, 4, 9, 1, 5, 7, 7, 6, 9, 8, 7, 5, 5, 3, 3, 2, 7, 3, 8, 2, 8,
          9, 1, 3, 1, 2, 7, 1, 8, 6, 3, 2, 2, 6, 8, 9, 1, 6, 3, 7, 5, 5, 6, 4,
          3, 8, 8, 5, 6, 8, 9, 3, 1, 4, 3, 5, 9, 1, 8, 4, 9, 9, 0, 8, 8, 6, 2
        ],
        [
          8, 7, 6, 9, 9, 5, 6, 8, 1, 7, 7, 8, 6, 2, 7, 5, 6, 3, 5, 3, 7, 9, 9,
          5, 3, 1, 3, 3, 7, 3, 5, 1, 6, 4, 5, 9, 5, 1, 3, 3, 9, 1, 5, 1, 3, 1,
          6, 9, 8, 6, 1, 2, 8, 4, 3, 1, 2, 2, 3, 7, 9, 9, 5, 5, 8, 0, 4, 6, 8
        ],
        [
          5, 2, 8, 2, 9, 8, 7, 6, 6, 6, 7, 1, 6, 5, 3, 1, 7, 3, 2, 4, 2, 5, 4,
          8, 6, 7, 1, 4, 5, 5, 6, 8, 6, 1, 1, 5, 6, 8, 3, 5, 9, 7, 2, 9, 2, 5,
          4, 5, 7, 2, 3, 8, 6, 2, 8, 4, 2, 3, 6, 2, 4, 8, 7, 7, 8, 4, 0, 4, 4
        ],
        [
          8, 4, 6, 3, 7, 2, 5, 5, 4, 4, 2, 1, 6, 5, 6, 6, 1, 3, 9, 9, 4, 7, 5,
          7, 9, 4, 1, 8, 5, 6, 4, 8, 4, 1, 1, 3, 9, 6, 4, 6, 2, 9, 8, 7, 5, 1,
          1, 8, 9, 4, 4, 8, 7, 7, 5, 6, 4, 2, 3, 9, 1, 7, 8, 5, 6, 6, 4, 0, 3
        ],
        [
          6, 1, 9, 8, 1, 7, 8, 5, 1, 7, 9, 3, 8, 3, 3, 2, 9, 6, 4, 2, 3, 6, 3,
          9, 3, 7, 2, 7, 8, 9, 7, 8, 8, 4, 5, 3, 3, 7, 9, 6, 5, 1, 3, 6, 5, 6,
          5, 5, 1, 6, 9, 4, 3, 1, 4, 8, 6, 9, 6, 4, 6, 6, 5, 9, 2, 8, 4, 3, 0
        ]
      ]
    },
    "high": {
      "4": [
        [0, 682, 201, 163],
        [682, 0, 912, 871],
        [201, 912, 0, 308],
        [163, 871, 308, 0]
      ],
      "5": [
        [0, 867, 554, 654, 222],
        [867, 0, 849, 55, 300],
        [554, 849, 0, 961, 815],
        [654, 55, 961, 0, 21],
        [222, 300, 815, 21, 0]
      ],
      "6": [
        [0, 456, 886, 786, 768, 807],
        [456, 0, 36, 37, 774, 247],
        [886, 36, 0, 77, 290, 546],
        [786, 37, 77, 0, 313, 434],
        [768, 774, 290, 313, 0, 582],
        [807, 247, 546, 434, 582, 0]
      ],
      "7": [
        [0, 200, 200, 597, 967, 964, 404],
        [200, 0, 784, 972, 784, 914, 564],
        [200, 784, 0, 96, 543, 758, 831],
        [597, 972, 96, 0, 942, 745, 260],
        [967, 784, 543, 942, 0, 431, 850],
        [964, 914, 758, 745, 431, 0, 250],
        [404, 564, 831, 260, 850, 250, 0]
      ],
      "8": [
        [0, 961, 598, 697, 224, 217, 499, 775],
        [961, 0, 575, 107, 843, 242, 500, 515],
        [598, 575, 0, 428, 49, 47, 423, 145],
        [697, 107, 428, 0, 967, 598, 826, 941],
        [224, 843, 49, 967, 0, 42, 992, 844],
        [217, 242, 47, 598, 42, 0, 999, 706],
        [499, 500, 423, 826, 992, 999, 0, 209],
        [775, 515, 145, 941, 844, 706, 209, 0]
      ],
      "9": [
        [0, 84, 493, 256, 660, 537, 515, 91, 739],
        [84, 0, 138, 203, 98, 238, 501, 497, 117],
        [493, 138, 0, 146, 391, 802, 471, 467, 996],
        [256, 203, 146, 0, 834, 983, 297, 626, 964],
        [660, 98, 391, 834, 0, 535, 979, 122, 975],
        [537, 238, 802, 983, 535, 0, 377, 409, 275],
        [515, 501, 471, 297, 979, 377, 0, 147, 222],
        [91, 497, 467, 626, 122, 409, 147, 0, 81],
        [739, 117, 996, 964, 975, 275, 222, 81, 0]
      ],
      "10": [
        [0, 673, 293, 685, 937, 132, 641, 802, 866, 389],
        [673, 0, 756, 680, 378, 376, 43, 391, 411, 17],
        [293, 756, 0, 169, 464, 610, 997, 360, 872, 251],
        [685, 680, 169, 0, 603, 336, 162, 61, 337, 434],
        [937, 378, 464, 603, 0, 656, 726, 209, 272, 200],
        [132, 376, 610, 336, 656, 0, 337, 320, 94, 343],
        [641, 43, 997, 162, 726, 337, 0, 910, 446, 784],
        [802, 391, 360, 61, 209, 320, 910, 0, 67, 705],
        [866, 411, 872, 337, 272, 94, 446, 67, 0, 735],
        [389, 17, 251, 434, 200, 343, 784, 705, 735, 0]
      ],
      "11": [
        [0, 332, 796, 905, 906, 292, 890, 822, 49, 695, 692],
        [332, 0, 465, 820, 962, 94, 88, 673, 178, 287, 549],
        [796, 465, 0, 770, 636, 158, 370, 657, 495, 420, 897],
        [905, 820, 770, 0, 888, 705, 662, 389, 716, 432, 838],
        [906, 962, 636, 888, 0, 316, 113, 474, 529, 753, 943],
        [292, 94, 158, 705, 316, 0, 764, 957, 616, 682, 818],
        [890, 88, 370, 662, 113, 764, 0, 87, 386, 960, 113],
        [822, 673, 657, 389, 474, 957, 87, 0, 716, 668, 972],
        [49, 178, 495, 716, 529, 616, 386, 716, 0, 466, 102],
        [695, 287, 420, 432, 753, 682, 960, 668, 466, 0, 455],
        [692, 549, 897, 838, 943, 818, 113, 972, 102, 455, 0]
      ],
      "12": [
        [0, 147, 894, 752, 679, 80, 967, 315, 653, 271, 442, 577],
        [147, 0, 94, 915, 180, 156, 863, 345, 777, 241, 53, 942],
        [894, 94, 0, 539, 652, 819, 659, 181, 254, 80, 35, 947],
        [752, 915, 539, 0, 93, 650, 256, 395, 213, 853, 62, 91],
        [679, 180, 652, 93, 0, 600, 522, 611, 745, 722, 270, 461],
        [80, 156, 819, 650, 600, 0, 984, 268, 959, 600, 178, 950],
        [967, 863, 659, 256, 522, 984, 0, 842, 744, 79, 920, 496],
        [315, 345, 181, 395, 611, 268, 842, 0, 874, 866, 836, 421],
        [653, 777, 254, 213, 745, 959, 744, 874, 0, 689, 840, 60],
        [271, 241, 80, 853, 722, 600, 79, 866, 689, 0, 3, 907],
        [442, 53, 35, 62, 270, 178, 920, 836, 840, 3, 0, 399],
        [577, 942, 947, 91, 461, 950, 496, 421, 60, 907, 399, 0]
      ],
      "15": [
        [
          0, 187, 385, 465, 68, 217, 693, 763, 413, 627, 235, 770, 293, 274, 842
        ],
        [187, 0, 158, 970, 978, 910, 65, 266, 52, 528, 25, 588, 820, 85, 222],
        [
          385, 158, 0, 619, 91, 991, 922, 754, 574, 190, 385, 544, 824, 799, 522
        ],
        [
          465, 970, 619, 0, 762, 745, 320, 416, 831, 95, 733, 902, 460, 118, 623
        ],
        [68, 978, 91, 762, 0, 723, 476, 198, 647, 30, 195, 21, 780, 475, 36],
        [
          217, 910, 991, 745, 723, 0, 720, 916, 951, 323, 262, 704, 846, 321,
          233
        ],
        [
          693, 65, 922, 320, 476, 720, 0, 727, 101, 164, 580, 946, 691, 727, 277
        ],
        [
          763, 266, 754, 416, 198, 916, 727, 0, 634, 539, 912, 176, 30, 679, 876
        ],
        [413, 52, 574, 831, 647, 951, 101, 634, 0, 468, 46, 63, 637, 558, 729],
        [627, 528, 190, 95, 30, 323, 164, 539, 468, 0, 771, 989, 103, 613, 677],
        [235, 25, 385, 733, 195, 262, 580, 912, 46, 771, 0, 660, 348, 525, 995],
        [770, 588, 544, 902, 21, 704, 946, 176, 63, 989, 660, 0, 620, 734, 244],
        [
          293, 820, 824, 460, 780, 846, 691, 30, 637, 103, 348, 620, 0, 310, 329
        ],
        [
          274, 85, 799, 118, 475, 321, 727, 679, 558, 613, 525, 734, 310, 0, 674
        ],
        [842, 222, 522, 623, 36, 233, 277, 876, 729, 677, 995, 244, 329, 674, 0]
      ],
      "20": [
        [
          0, 361, 214, 375, 703, 44, 224, 981, 709, 402, 846, 885, 138, 847,
          161, 441, 75, 852, 840, 162
        ],
        [
          361, 0, 122, 546, 124, 390, 857, 942, 151, 959, 294, 644, 978, 707,
          721, 855, 188, 181, 869, 992
        ],
        [
          214, 122, 0, 583, 309, 58, 385, 871, 459, 165, 54, 738, 771, 554, 351,
          763, 280, 865, 419, 421
        ],
        [
          375, 546, 583, 0, 432, 909, 346, 608, 804, 212, 10, 524, 38, 24, 578,
          238, 624, 838, 14, 206
        ],
        [
          703, 124, 309, 432, 0, 349, 686, 567, 173, 24, 302, 43, 813, 317, 471,
          684, 182, 278, 955, 49
        ],
        [
          44, 390, 58, 909, 349, 0, 800, 763, 864, 513, 944, 620, 481, 382, 905,
          929, 438, 761, 584, 107
        ],
        [
          224, 857, 385, 346, 686, 800, 0, 224, 818, 144, 658, 17, 809, 387,
          336, 269, 411, 173, 933, 878
        ],
        [
          981, 942, 871, 608, 567, 763, 224, 0, 143, 504, 395, 119, 365, 403,
          759, 916, 405, 704, 156, 77
        ],
        [
          709, 151, 459, 804, 173, 864, 818, 143, 0, 319, 381, 402, 18, 567,
          217, 41, 251, 759, 547, 374
        ],
        [
          402, 959, 165, 212, 24, 513, 144, 504, 319, 0, 493, 969, 348, 575,
          255, 868, 881, 954, 561, 718
        ],
        [
          846, 294, 54, 10, 302, 944, 658, 395, 381, 493, 0, 782, 714, 933, 316,
          226, 616, 763, 828, 158
        ],
        [
          885, 644, 738, 524, 43, 620, 17, 119, 402, 969, 782, 0, 474, 359, 290,
          749, 233, 330, 943, 752
        ],
        [
          138, 978, 771, 38, 813, 481, 809, 365, 18, 348, 714, 474, 0, 15, 899,
          374, 401, 44, 699, 792
        ],
        [
          847, 707, 554, 24, 317, 382, 387, 403, 567, 575, 933, 359, 15, 0, 286,
          302, 705, 240, 707, 181
        ],
        [
          161, 721, 351, 578, 471, 905, 336, 759, 217, 255, 316, 290, 899, 286,
          0, 721, 640, 320, 556, 613
        ],
        [
          441, 855, 763, 238, 684, 929, 269, 916, 41, 868, 226, 749, 374, 302,
          721, 0, 699, 636, 151, 246
        ],
        [
          75, 188, 280, 624, 182, 438, 411, 405, 251, 881, 616, 233, 401, 705,
          640, 699, 0, 369, 40, 515
        ],
        [
          852, 181, 865, 838, 278, 761, 173, 704, 759, 954, 763, 330, 44, 240,
          320, 636, 369, 0, 979, 910
        ],
        [
          840, 869, 419, 14, 955, 584, 933, 156, 547, 561, 828, 943, 699, 707,
          556, 151, 40, 979, 0, 384
        ],
        [
          162, 992, 421, 206, 49, 107, 878, 77, 374, 718, 158, 752, 792, 181,
          613, 246, 515, 910, 384, 0
        ]
      ],
      "69": [
        [
          0, 757, 184, 604, 338, 968, 308, 551, 414, 103, 92, 458, 363, 179,
          503, 104, 152, 77, 595, 634, 913, 471, 973, 782, 501, 130, 127, 601,
          189, 362, 459, 760, 721, 974, 897, 451, 235, 565, 405, 574, 377, 519,
          949, 433, 577, 245, 788, 960, 307, 536, 947, 685, 923, 266, 177, 664,
          958, 781, 38, 353, 666, 596, 790, 524, 255, 387, 56, 31, 13
        ],
        [
          757, 0, 470, 525, 59, 389, 483, 407, 507, 109, 594, 874, 738, 665,
          463, 672, 74, 153, 949, 802, 32, 147, 147, 557, 10, 529, 59, 320, 743,
          449, 143, 485, 857, 451, 831, 985, 566, 145, 411, 914, 526, 949, 527,
          210, 999, 115, 314, 429, 525, 125, 506, 691, 245, 481, 13, 43, 435,
          907, 740, 883, 109, 313, 541, 944, 166, 930, 199, 888, 770
        ],
        [
          184, 470, 0, 115, 306, 347, 242, 470, 481, 238, 802, 624, 61, 170,
          157, 547, 503, 795, 414, 635, 159, 261, 139, 960, 629, 288, 407, 355,
          958, 45, 69, 108, 547, 707, 406, 183, 391, 383, 736, 626, 795, 20,
          129, 343, 667, 417, 515, 88, 736, 285, 957, 99, 951, 493, 765, 620,
          885, 800, 302, 633, 128, 116, 106, 119, 772, 251, 190, 519, 255
        ],
        [
          604, 525, 115, 0, 587, 508, 456, 971, 708, 601, 321, 696, 896, 269,
          385, 329, 918, 278, 349, 848, 559, 919, 899, 398, 425, 506, 599, 636,
          74, 211, 956, 328, 744, 575, 265, 533, 740, 102, 803, 56, 556, 539,
          768, 726, 9, 889, 728, 621, 392, 29, 853, 5, 142, 274, 586, 763, 103,
          233, 827, 525, 681, 416, 231, 376, 133, 84, 340, 889, 239
        ],
        [
          338, 59, 306, 587, 0, 525, 178, 103, 259, 402, 482, 846, 416, 407,
          177, 144, 578, 794, 274, 761, 636, 265, 227, 856, 136, 915, 147, 519,
          710, 433, 241, 183, 505, 86, 457, 648, 403, 606, 181, 123, 946, 15,
          115, 970, 992, 259, 231, 623, 494, 860, 270, 135, 204, 306, 134, 501,
          820, 383, 141, 276, 796, 719, 979, 423, 152, 994, 223, 89, 978
        ],
        [
          968, 389, 347, 508, 525, 0, 519, 669, 366, 545, 231, 664, 790, 426,
          12, 507, 597, 854, 386, 838, 223, 366, 135, 154, 471, 160, 845, 301,
          250, 726, 348, 698, 89, 405, 854, 121, 899, 863, 422, 804, 24, 657,
          602, 756, 334, 770, 39, 617, 499, 556, 56, 240, 396, 700, 828, 137,
          423, 789, 243, 163, 186, 453, 94, 722, 326, 325, 974, 247, 30
        ],
        [
          308, 483, 242, 456, 178, 519, 0, 646, 914, 403, 601, 846, 812, 760,
          509, 744, 110, 783, 301, 436, 576, 690, 31, 757, 111, 493, 379, 576,
          756, 170, 548, 733, 770, 715, 609, 377, 869, 301, 103, 711, 927, 95,
          22, 182, 701, 833, 541, 414, 547, 979, 735, 982, 817, 685, 990, 18,
          452, 898, 947, 52, 419, 760, 392, 435, 711, 257, 308, 806, 474
        ],
        [
          551, 407, 470, 971, 103, 669, 646, 0, 958, 647, 725, 927, 276, 754,
          361, 189, 968, 488, 262, 43, 784, 242, 518, 500, 442, 815, 662, 446,
          797, 855, 948, 895, 219, 229, 964, 77, 211, 686, 313, 642, 417, 367,
          969, 157, 857, 151, 539, 900, 243, 894, 423, 358, 251, 434, 200, 287,
          214, 318, 703, 30, 180, 162, 635, 966, 406, 292, 852, 476, 827
        ],
        [
          414, 507, 481, 708, 259, 366, 914, 958, 0, 545, 490, 946, 358, 517,
          764, 453, 700, 762, 882, 917, 225, 185, 168, 8, 391, 511, 140, 929,
          483, 505, 860, 545, 532, 875, 961, 986, 703, 454, 742, 937, 462, 520,
          800, 424, 345, 162, 112, 932, 202, 959, 214, 21, 290, 427, 286, 437,
          245, 784, 81, 717, 899, 885, 580, 142, 633, 370, 766, 626, 732
        ],
        [
          103, 109, 238, 601, 402, 545, 403, 647, 545, 0, 304, 256, 334, 590,
          97, 274, 418, 27, 460, 734, 249, 167, 919, 217, 839, 888, 785, 827,
          142, 799, 814, 992, 375, 593, 86, 637, 274, 140, 733, 142, 535, 290,
          139, 153, 951, 932, 281, 238, 641, 338, 33, 606, 941, 283, 844, 102,
          670, 755, 298, 451, 116, 398, 538, 991, 223, 792, 802, 179, 220
        ],
        [
          92, 594, 802, 321, 482, 231, 601, 725, 490, 304, 0, 330, 391, 358,
          636, 829, 148, 702, 327, 117, 241, 243, 918, 10, 484, 525, 10, 226,
          392, 466, 806, 213, 643, 143, 887, 554, 459, 607, 917, 504, 597, 280,
          436, 832, 470, 668, 145, 520, 643, 947, 282, 324, 686, 315, 27, 232,
          139, 491, 252, 195, 420, 25, 904, 904, 961, 360, 205, 210, 92
        ],
        [
          458, 874, 624, 696, 846, 664, 846, 927, 946, 256, 330, 0, 127, 886,
          653, 511, 101, 674, 133, 947, 145, 228, 594, 25, 241, 931, 471, 636,
          549, 266, 611, 887, 844, 416, 283, 495, 522, 130, 550, 358, 945, 286,
          327, 686, 29, 234, 495, 238, 38, 845, 339, 92, 846, 814, 806, 870,
          442, 982, 132, 747, 998, 98, 366, 379, 405, 804, 236, 513, 770
        ],
        [
          363, 738, 61, 896, 416, 790, 812, 276, 358, 334, 391, 127, 0, 598,
          569, 956, 751, 821, 549, 280, 202, 616, 599, 718, 705, 366, 82, 130,
          513, 389, 592, 993, 91, 971, 12, 959, 740, 309, 714, 405, 636, 172,
          793, 340, 943, 631, 319, 522, 318, 126, 105, 924, 381, 577, 562, 376,
          130, 815, 582, 377, 686, 271, 311, 151, 994, 356, 823, 110, 866
        ],
        [
          179, 665, 170, 269, 407, 426, 760, 754, 517, 590, 358, 886, 598, 0,
          281, 486, 857, 900, 399, 655, 560, 860, 761, 158, 654, 546, 469, 481,
          843, 252, 611, 337, 127, 223, 77, 412, 348, 993, 438, 63, 119, 294,
          723, 675, 282, 935, 132, 397, 868, 604, 903, 367, 28, 774, 895, 537,
          372, 584, 456, 3, 63, 972, 481, 492, 29, 84, 672, 781, 152
        ],
        [
          503, 463, 157, 385, 177, 12, 509, 361, 764, 97, 636, 653, 569, 281, 0,
          956, 236, 52, 678, 637, 834, 28, 884, 939, 202, 956, 757, 418, 263,
          490, 475, 816, 778, 808, 39, 685, 256, 224, 44, 956, 189, 374, 787,
          275, 481, 754, 514, 280, 642, 333, 695, 243, 606, 45, 956, 67, 437,
          837, 864, 259, 449, 727, 35, 806, 169, 325, 416, 468, 739
        ],
        [
          104, 672, 547, 329, 144, 507, 744, 189, 453, 274, 829, 511, 956, 486,
          956, 0, 365, 817, 936, 216, 76, 939, 539, 769, 860, 93, 528, 380, 566,
          486, 300, 505, 250, 952, 77, 783, 100, 360, 342, 123, 542, 790, 68,
          438, 32, 510, 367, 767, 427, 59, 137, 551, 17, 911, 798, 689, 215,
          300, 692, 990, 715, 959, 537, 534, 550, 720, 269, 47, 657
        ],
        [
          152, 74, 503, 918, 578, 597, 110, 968, 700, 418, 148, 101, 751, 857,
          236, 365, 0, 362, 600, 415, 258, 341, 965, 748, 122, 110, 446, 66,
          334, 250, 264, 647, 396, 358, 417, 943, 917, 801, 122, 151, 451, 751,
          786, 7, 304, 324, 202, 943, 326, 933, 351, 817, 730, 800, 976, 237,
          596, 978, 144, 339, 572, 265, 52, 334, 814, 505, 588, 186, 498
        ],
        [
          77, 153, 795, 278, 794, 854, 783, 488, 762, 27, 702, 674, 821, 900,
          52, 817, 362, 0, 970, 795, 286, 762, 58, 576, 376, 193, 116, 348, 788,
          808, 367, 210, 773, 591, 305, 971, 535, 345, 290, 561, 799, 339, 549,
          240, 266, 474, 151, 963, 194, 746, 70, 871, 527, 998, 866, 324, 963,
          275, 770, 678, 291, 329, 210, 526, 777, 412, 589, 269, 645
        ],
        [
          595, 949, 414, 349, 274, 386, 301, 262, 882, 460, 327, 133, 549, 399,
          678, 936, 600, 970, 0, 217, 220, 212, 31, 812, 384, 876, 972, 371,
          513, 734, 909, 251, 12, 67, 313, 250, 505, 285, 160, 874, 885, 474,
          968, 199, 182, 242, 658, 707, 39, 553, 112, 637, 741, 338, 620, 800,
          824, 749, 756, 26, 18, 516, 88, 760, 671, 137, 54, 499, 116
        ],
        [
          634, 802, 635, 848, 761, 838, 436, 43, 917, 734, 117, 947, 280, 655,
          637, 216, 415, 795, 217, 0, 236, 721, 789, 848, 64, 932, 297, 834,
          668, 686, 653, 963, 739, 228, 97, 91, 792, 581, 71, 533, 696, 965,
          480, 46, 115, 586, 952, 589, 84, 585, 585, 40, 184, 449, 391, 930,
          733, 618, 729, 192, 610, 234, 296, 176, 186, 97, 783, 671, 16
        ],
        [
          913, 32, 159, 559, 636, 223, 576, 784, 225, 249, 241, 145, 202, 560,
          834, 76, 258, 286, 220, 236, 0, 837, 144, 904, 962, 118, 230, 487,
          615, 90, 220, 394, 244, 890, 418, 865, 423, 707, 600, 252, 100, 491,
          340, 273, 495, 178, 321, 211, 314, 462, 572, 232, 408, 481, 242, 414,
          277, 320, 299, 80, 934, 965, 856, 7, 275, 530, 628, 813, 453
        ],
        [
          471, 147, 261, 919, 265, 366, 690, 242, 185, 167, 243, 228, 616, 860,
          28, 939, 341, 762, 212, 721, 837, 0, 221, 955, 633, 129, 374, 847,
          893, 988, 984, 503, 463, 170, 876, 717, 3, 720, 286, 578, 346, 778,
          421, 358, 904, 282, 258, 20, 809, 706, 864, 216, 45, 48, 210, 582,
          680, 592, 601, 591, 855, 777, 44, 906, 628, 488, 192, 787, 602
        ],
        [
          973, 147, 139, 899, 227, 135, 31, 518, 168, 919, 918, 594, 599, 761,
